1,0,0,0,0,0,0,0,0,0
0.97503,0,0,0,0,0,0,0,0,0.024975
0.95085,0,0,4.9e-06,0.00047922,0,4.9e-06,0,0,0.048666
0.92744,0,3.7244e-07,3.1891e-05,0.0013581,0,1.8741e-05,1.0047e-07,0,0.071151
0.90479,2.5942e-08,2.2069e-06,9.2994e-05,0.0025677,6.0651e-09,4.5332e-05,5.0273e-07,0,0.092504
0.88287,1.6436e-07,6.9619e-06,0.00019617,0.0040482,3.5828e-08,8.8125e-05,1.504e-06,1.4154e-10,0.11279
0.86166,5.7392e-07,1.6224e-05,0.00034621,0.0057483,1.2298e-07,0.00015015,3.4899e-06,9.8565e-10,0.13208
0.84114,1.4829e-06,3.1551e-05,0.00054548,0.0076234,3.2066e-07,0.00023399,6.9245e-06,3.9129e-09,0.15042
0.82129,3.1792e-06,5.4364e-05,0.00079451,0.0096354,7.0363e-07,0.00034175,1.234e-05,1.1625e-08,0.16786
0.8021,5.9957e-06,8.5897e-05,0.0010924,0.011752,1.3694e-06,0.00047506,2.0325e-05,2.8722e-08,0.18447
0.78354,1.0296e-05,0.00012716,0.0014374,0.013944,2.4383e-06,0.00063514,3.1511e-05,6.2334e-08,0.20028
0.76558,1.6461e-05,0.00017894,0.0018269,0.016188,4.0528e-06,0.0008228,4.6564e-05,1.2277e-07,0.21533
0.74823,2.4872e-05,0.00024179,0.0022579,0.018464,6.3759e-06,0.0010385,6.6171e-05,2.2418e-07,0.22967
0.73144,3.5905e-05,0.00031607,0.0027271,0.020755,9.5891e-06,0.0012822,9.1028e-05,3.8516e-07,0.24334
0.71522,4.992e-05,0.00040193,0.003231,0.023046,1.389e-05,0.0015539,0.00012183,6.2939e-07,0.25636
0.69953,6.7251e-05,0.00049937,0.0037662,0.025324,1.949e-05,0.001853,0.00015928,9.8611e-07,0.26878
0.68437,8.8206e-05,0.00060824,0.0043292,0.027581,2.6609e-05,0.0021789,0.00020404,1.4906e-06,0.28062
0.66971,0.00011306,0.00072828,0.0049167,0.029806,3.5478e-05,0.0025308,0.00025677,2.1846e-06,0.2919
0.65553,0.00014206,0.00085911,0.0055255,0.031993,4.6329e-05,0.0029076,0.00031809,3.1166e-06,0.30267
0.64184,0.00017542,0.0010003,0.0061526,0.034138,5.9398e-05,0.0033082,0.0003886,4.3419e-06,0.31294
0.62859,0.0002133,0.0011513,0.0067951,0.036234,7.492e-05,0.0037314,0.00046884,5.9229e-06,0.32273
0.61579,0.00025586,0.0013116,0.0074504,0.038279,9.3126e-05,0.0041759,0.00055935,7.9293e-06,0.33208
0.60342,0.0003032,0.0014806,0.008116,0.040269,0.00011424,0.0046403,0.00066058,1.0437e-05,0.34099
0.59145,0.00035542,0.0016577,0.0087896,0.042204,0.00013849,0.0051233,0.00077298,1.3531e-05,0.34949
0.57989,0.00041256,0.0018424,0.0094693,0.044081,0.00016608,0.0056235,0.00089691,1.73e-05,0.3576
0.56871,0.00047465,0.0020339,0.010153,0.045899,0.0001972,0.0061395,0.0010327,2.1841e-05,0.36534
0.5579,0.00054172,0.0022317,0.010839,0.047659,0.00023206,0.0066699,0.0011807,2.7257e-05,0.37272
0.54745,0.00061374,0.0024353,0.011526,0.04936,0.00027082,0.0072134,0.0013412,3.3657e-05,0.37976
0.53734,0.0006907,0.002644,0.012213,0.051002,0.00031365,0.0077685,0.0015142,4.1154e-05,0.38647
0.52757,0.00077254,0.0028573,0.012898,0.052585,0.0003607,0.0083341,0.0017001,4.9867e-05,0.39287
0.51813,0.00085921,0.0030746,0.01358,0.054111,0.0004121,0.0089088,0.0018988,5.9919e-05,0.39897
0.50899,0.00095065,0.0032956,0.014258,0.055581,0.00046798,0.0094915,0.0021106,7.1437e-05,0.40479
0.50015,0.0010468,0.0035197,0.014932,0.056995,0.00052843,0.010081,0.0023353,8.4553e-05,0.41033
0.4916,0.0011475,0.0037465,0.0156,0.058354,0.00059357,0.010676,0.0025732,9.9398e-05,0.41561
0.48333,0.0012527,0.0039756,0.016263,0.059661,0.00066346,0.011276,0.002824,0.00011611,0.42064
0.47533,0.0013624,0.0042065,0.016918,0.060915,0.00073817,0.011879,0.0030877,0.00013482,0.42542
0.46759,0.0014763,0.004439,0.017567,0.062119,0.00081775,0.012485,0.0033643,0.00015568,0.42998
0.46011,0.0015945,0.0046727,0.018208,0.063273,0.00090225,0.013092,0.0036536,0.00017882,0.43432
0.45286,0.0017167,0.0049073,0.018841,0.06438,0.00099168,0.0137,0.0039554,0.00020437,0.43844
0.44585,0.0018429,0.0051426,0.019466,0.065441,0.0010861,0.014309,0.0042696,0.00023249,0.44237
0.43906,0.0019731,0.0053782,0.020082,0.066456,0.0011854,0.014916,0.004596,0.0002633,0.44609
0.43249,0.002107,0.0056139,0.02069,0.067429,0.0012897,0.015523,0.0049343,0.00029695,0.44963
0.42612,0.0022445,0.0058496,0.021288,0.068359,0.001399,0.016127,0.0052843,0.00033357,0.45299
0.41996,0.0023856,0.006085,0.021878,0.069249,0.0015132,0.016728,0.0056457,0.0003733,0.45618
0.414,0.0025302,0.00632,0.022459,0.070099,0.0016322,0.017326,0.0060183,0.00041626,0.4592
0.40822,0.0026781,0.0065544,0.023031,0.070912,0.0017561,0.017921,0.0064017,0.00046258,0.46206
0.40262,0.0028292,0.0067881,0.023593,0.071688,0.0018847,0.018511,0.0067956,0.00051239,0.46477
0.3972,0.0029835,0.0070209,0.024146,0.072429,0.0020181,0.019096,0.0071997,0.0005658,0.46734
0.39195,0.0031408,0.0072527,0.02469,0.073137,0.0021562,0.019676,0.0076137,0.00062294,0.46976
0.38686,0.0033011,0.0074835,0.025225,0.073811,0.0022989,0.02025,0.0080373,0.00068392,0.47205
0.38193,0.0034642,0.0077131,0.025751,0.074454,0.002446,0.020819,0.00847,0.00074884,0.47421
0.37714,0.00363,0.0079415,0.026267,0.075067,0.0025977,0.021381,0.0089115,0.00081782,0.47624
0.37251,0.0037985,0.0081686,0.026775,0.075651,0.0027536,0.021937,0.0093614,0.00089093,0.47815
0.36801,0.0039696,0.0083943,0.027273,0.076207,0.0029139,0.022487,0.0098194,0.00096829,0.47995
0.36366,0.0041431,0.0086186,0.027763,0.076736,0.0030783,0.023029,0.010285,0.00105,0.48164
0.35943,0.0043191,0.0088415,0.028243,0.077239,0.0032468,0.023564,0.010758,0.0011361,0.48322
0.35533,0.0044973,0.0090629,0.028715,0.077718,0.0034193,0.024092,0.011238,0.0012267,0.4847
0.35135,0.0046778,0.0092828,0.029178,0.078172,0.0035957,0.024612,0.011725,0.0013218,0.48608
0.34749,0.0048604,0.0095011,0.029633,0.078604,0.0037759,0.025124,0.012217,0.0014216,0.48737
0.34375,0.0050451,0.0097179,0.030079,0.079014,0.0039597,0.025629,0.012716,0.001526,0.48857
0.34011,0.0052317,0.0099331,0.030516,0.079403,0.0041472,0.026126,0.01322,0.0016352,0.48968
0.33658,0.0054203,0.010147,0.030945,0.079771,0.004338,0.026615,0.013729,0.0017492,0.4907
0.33316,0.0056107,0.010359,0.031366,0.08012,0.0045323,0.027096,0.014243,0.001868,0.49165
0.32983,0.0058028,0.010569,0.031779,0.080451,0.0047298,0.027569,0.014761,0.0019917,0.49252
0.3266,0.0059967,0.010778,0.032184,0.080764,0.0049304,0.028033,0.015283,0.0021202,0.49331
0.32346,0.0061921,0.010985,0.03258,0.08106,0.0051341,0.02849,0.015808,0.0022537,0.49404
0.32041,0.0063891,0.011191,0.032969,0.08134,0.0053407,0.028938,0.016337,0.0023921,0.49469
0.31745,0.0065876,0.011395,0.03335,0.081604,0.0055502,0.029378,0.016868,0.0025354,0.49528
0.31457,0.0067875,0.011597,0.033724,0.081853,0.0057623,0.02981,0.017402,0.0026836,0.49581
0.31177,0.0069887,0.011798,0.034089,0.082088,0.0059771,0.030234,0.017939,0.0028369,0.49628
0.30905,0.0071912,0.011997,0.034447,0.08231,0.0061943,0.030649,0.018477,0.002995,0.49669
0.30641,0.0073949,0.012195,0.034798,0.082518,0.006414,0.031057,0.019016,0.0031581,0.49704
0.30384,0.0075997,0.012391,0.035142,0.082715,0.0066359,0.031456,0.019557,0.0033261,0.49734
0.30134,0.0078057,0.012585,0.035478,0.082899,0.00686,0.031848,0.020098,0.0034989,0.49759
0.2989,0.0080126,0.012778,0.035807,0.083073,0.0070862,0.032231,0.02064,0.0036766,0.49779
0.29654,0.0082205,0.01297,0.036129,0.083236,0.0073143,0.032606,0.021183,0.0038592,0.49795
0.29424,0.0084293,0.013159,0.036443,0.083389,0.0075444,0.032974,0.021725,0.0040465,0.49805
0.29199,0.0086389,0.013347,0.036751,0.083533,0.0077762,0.033334,0.022267,0.0042385,0.49812
0.28981,0.0088493,0.013534,0.037052,0.083667,0.0080097,0.033686,0.022808,0.0044353,0.49814
0.28769,0.0090604,0.013719,0.037347,0.083793,0.0082448,0.03403,0.023348,0.0046366,0.49813
0.28563,0.0092721,0.013903,0.037634,0.083911,0.0084814,0.034367,0.023888,0.0048426,0.49808
0.28361,0.0094844,0.014085,0.037915,0.084021,0.0087194,0.034696,0.024425,0.005053,0.49799
0.28166,0.0096973,0.014265,0.03819,0.084125,0.0089587,0.035018,0.024961,0.0052679,0.49786
0.27975,0.0099106,0.014444,0.038458,0.084221,0.0091992,0.035332,0.025495,0.0054871,0.4977
0.27789,0.010124,0.014621,0.038719,0.084312,0.0094408,0.035639,0.026027,0.0057107,0.49752
0.27608,0.010338,0.014797,0.038974,0.084397,0.0096835,0.035939,0.026556,0.0059384,0.4973
0.27431,0.010553,0.014972,0.039223,0.084476,0.0099271,0.036232,0.027083,0.0061703,0.49705
0.2726,0.010767,0.015144,0.039466,0.08455,0.010172,0.036518,0.027607,0.0064062,0.49677
0.27092,0.010982,0.015316,0.039702,0.08462,0.010417,0.036797,0.028127,0.006646,0.49647
0.26929,0.011197,0.015485,0.039933,0.084686,0.010663,0.037069,0.028645,0.0068898,0.49615
0.26769,0.011412,0.015653,0.040157,0.084747,0.010909,0.037335,0.029159,0.0071372,0.4958
0.26614,0.011627,0.01582,0.040376,0.084806,0.011157,0.037593,0.029669,0.0073884,0.49542
0.26463,0.011842,0.015985,0.040588,0.084861,0.011404,0.037846,0.030175,0.007643,0.49503
0.26315,0.012057,0.016149,0.040795,0.084913,0.011652,0.038091,0.030677,0.0079012,0.49461
0.26171,0.012271,0.016311,0.040995,0.084963,0.011901,0.038331,0.031175,0.0081626,0.49418
0.26031,0.012486,0.016471,0.041191,0.085011,0.012149,0.038564,0.031669,0.0084273,0.49372
0.25894,0.0127,0.01663,0.04138,0.085056,0.012398,0.038791,0.032158,0.0086952,0.49325
0.2576,0.012914,0.016788,0.041564,0.085101,0.012647,0.039012,0.032643,0.008966,0.49277
0.25629,0.013128,0.016944,0.041742,0.085144,0.012896,0.039227,0.033122,0.0092397,0.49226
0.25502,0.013341,0.017098,0.041915,0.085186,0.013145,0.039436,0.033597,0.0095162,0.49175
0.25378,0.013553,0.017251,0.042082,0.085228,0.013394,0.039639,0.034067,0.0097953,0.49121
0.25256,0.013765,0.017402,0.042244,0.08527,0.013643,0.039837,0.034531,0.010077,0.49067
0.25138,0.013977,0.017552,0.0424,0.085311,0.013891,0.040029,0.03499,0.010361,0.49011
0.25022,0.014188,0.0177,0.042552,0.085353,0.01414,0.040216,0.035444,0.010647,0.48954
0.24909,0.014398,0.017846,0.042698,0.085395,0.014388,0.040397,0.035892,0.010936,0.48896
0.24799,0.014607,0.017991,0.042839,0.085437,0.014636,0.040572,0.036334,0.011226,0.48837
0.24691,0.014816,0.018134,0.042974,0.085481,0.014883,0.040743,0.036771,0.011519,0.48777
0.24586,0.015024,0.018276,0.043105,0.085526,0.01513,0.040908,0.037202,0.011813,0.48716
0.24483,0.015231,0.018416,0.04323,0.085573,0.015376,0.041068,0.037626,0.012109,0.48654
0.24383,0.015437,0.018554,0.043351,0.085621,0.015622,0.041223,0.038045,0.012406,0.48591
0.24285,0.015642,0.018691,0.043467,0.085671,0.015867,0.041374,0.038458,0.012705,0.48528
0.24189,0.015846,0.018826,0.043578,0.085723,0.016112,0.041519,0.038865,0.013005,0.48464
0.24095,0.016049,0.01896,0.043684,0.085778,0.016355,0.04166,0.039265,0.013307,0.48399
0.24003,0.016251,0.019092,0.043785,0.085835,0.016598,0.041796,0.039659,0.013609,0.48334
0.23914,0.016452,0.019222,0.043881,0.085895,0.016841,0.041927,0.040047,0.013912,0.48268
0.23826,0.016652,0.01935,0.043973,0.085958,0.017082,0.042054,0.040429,0.014216,0.48202
0.23741,0.01685,0.019477,0.04406,0.086024,0.017323,0.042177,0.040804,0.014521,0.48136
0.23657,0.017047,0.019602,0.044143,0.086094,0.017563,0.042295,0.041173,0.014826,0.48069
0.23575,0.017243,0.019726,0.044221,0.086167,0.017801,0.042408,0.041535,0.015131,0.48001
0.23495,0.017437,0.019848,0.044295,0.086244,0.018039,0.042518,0.04189,0.015437,0.47934
0.23417,0.01763,0.019968,0.044364,0.086324,0.018276,0.042624,0.042239,0.015743,0.47866
0.23341,0.017822,0.020086,0.044429,0.086409,0.018512,0.042725,0.042582,0.016049,0.47798
0.23266,0.018012,0.020203,0.04449,0.086498,0.018746,0.042822,0.042918,0.016355,0.4773
0.23193,0.0182,0.020318,0.044546,0.086591,0.01898,0.042916,0.043247,0.016661,0.47661
0.23121,0.018387,0.020431,0.044599,0.086689,0.019213,0.043005,0.04357,0.016967,0.47593
0.23051,0.018573,0.020543,0.044647,0.086792,0.019444,0.043091,0.043886,0.017272,0.47524
0.22983,0.018756,0.020653,0.04469,0.086899,0.019674,0.043173,0.044195,0.017576,0.47456
0.22916,0.018939,0.020761,0.04473,0.087011,0.019903,0.043251,0.044498,0.01788,0.47387
0.2285,0.019119,0.020867,0.044766,0.087128,0.02013,0.043326,0.044794,0.018183,0.47318
0.22786,0.019298,0.020972,0.044798,0.087251,0.020357,0.043397,0.045083,0.018485,0.4725
0.22723,0.019475,0.021075,0.044826,0.087379,0.020582,0.043464,0.045366,0.018786,0.47181
0.22662,0.01965,0.021176,0.04485,0.087512,0.020806,0.043529,0.045642,0.019086,0.47113
0.22602,0.019823,0.021275,0.044871,0.087651,0.021028,0.043589,0.045911,0.019385,0.47045
0.22543,0.019994,0.021373,0.044887,0.087796,0.021249,0.043647,0.046174,0.019683,0.46976
0.22486,0.020164,0.021468,0.0449,0.087946,0.021469,0.043701,0.046431,0.019979,0.46908
0.22429,0.020332,0.021562,0.044909,0.088103,0.021687,0.043752,0.04668,0.020274,0.46841
0.22374,0.020497,0.021655,0.044915,0.088265,0.021904,0.0438,0.046923,0.020567,0.46773
0.2232,0.020661,0.021745,0.044917,0.088433,0.02212,0.043844,0.04716,0.020858,0.46706
0.22268,0.020823,0.021834,0.044915,0.088608,0.022334,0.043886,0.04739,0.021148,0.46639
0.22216,0.020983,0.021921,0.04491,0.088789,0.022546,0.043925,0.047613,0.021435,0.46572
0.22165,0.02114,0.022006,0.044902,0.088976,0.022758,0.04396,0.04783,0.021721,0.46505
0.22116,0.021296,0.022089,0.04489,0.08917,0.022967,0.043993,0.048041,0.022005,0.46439
0.22067,0.021449,0.022171,0.044875,0.08937,0.023175,0.044023,0.048245,0.022287,0.46373
0.2202,0.021601,0.02225,0.044857,0.089576,0.023382,0.04405,0.048443,0.022566,0.46307
0.21974,0.02175,0.022328,0.044836,0.08979,0.023587,0.044074,0.048635,0.022843,0.46242
0.21928,0.021897,0.022405,0.044811,0.09001,0.023791,0.044095,0.04882,0.023118,0.46177
0.21884,0.022042,0.022479,0.044783,0.090237,0.023993,0.044114,0.048999,0.02339,0.46113
0.2184,0.022185,0.022551,0.044752,0.09047,0.024193,0.04413,0.049172,0.02366,0.46048
0.21798,0.022326,0.022622,0.044718,0.090711,0.024392,0.044144,0.049338,0.023927,0.45985
0.21756,0.022464,0.022691,0.044682,0.090958,0.024589,0.044155,0.049499,0.024191,0.45921
0.21715,0.0226,0.022759,0.044642,0.091213,0.024785,0.044163,0.049653,0.024453,0.45858
0.21675,0.022734,0.022824,0.044599,0.091474,0.024979,0.044169,0.049801,0.024712,0.45796
0.21636,0.022866,0.022888,0.044554,0.091742,0.025172,0.044173,0.049944,0.024968,0.45734
0.21598,0.022995,0.02295,0.044505,0.092018,0.025363,0.044174,0.05008,0.025221,0.45672
0.2156,0.023122,0.02301,0.044454,0.092301,0.025552,0.044172,0.05021,0.025471,0.45611
0.21523,0.023247,0.023068,0.0444,0.09259,0.02574,0.044169,0.050335,0.025718,0.4555
0.21487,0.023369,0.023125,0.044344,0.092887,0.025926,0.044163,0.050454,0.025962,0.4549
0.21452,0.023489,0.023179,0.044285,0.093191,0.026111,0.044154,0.050567,0.026203,0.4543
0.21418,0.023607,0.023232,0.044224,0.093503,0.026294,0.044144,0.050674,0.02644,0.4537
0.21384,0.023723,0.023284,0.044159,0.093821,0.026475,0.044131,0.050776,0.026675,0.45312
0.21351,0.023836,0.023333,0.044093,0.094147,0.026655,0.044116,0.050872,0.026906,0.45253
0.21319,0.023946,0.023381,0.044024,0.09448,0.026833,0.044099,0.050963,0.027134,0.45195
0.21287,0.024055,0.023427,0.043953,0.09482,0.027009,0.04408,0.051048,0.027358,0.45138
0.21256,0.024161,0.023471,0.043879,0.095168,0.027184,0.044059,0.051128,0.027579,0.45081
0.21226,0.024264,0.023514,0.043803,0.095523,0.027357,0.044036,0.051202,0.027796,0.45025
0.21196,0.024366,0.023555,0.043725,0.095885,0.027529,0.044011,0.051271,0.02801,0.44969
0.21167,0.024465,0.023594,0.043644,0.096254,0.027699,0.043983,0.051335,0.028221,0.44913
0.21139,0.024561,0.023631,0.043561,0.09663,0.027867,0.043954,0.051394,0.028428,0.44859
0.21111,0.024655,0.023667,0.043477,0.097014,0.028034,0.043923,0.051447,0.028631,0.44804
0.21084,0.024747,0.023701,0.04339,0.097405,0.028199,0.04389,0.051495,0.028831,0.4475
0.21057,0.024836,0.023733,0.043301,0.097803,0.028362,0.043855,0.051539,0.029027,0.44697
0.21031,0.024923,0.023764,0.04321,0.098208,0.028524,0.043818,0.051577,0.029219,0.44644
0.21006,0.025008,0.023793,0.043117,0.098621,0.028684,0.04378,0.051611,0.029408,0.44592
0.20981,0.02509,0.02382,0.043022,0.099041,0.028843,0.043739,0.051639,0.029593,0.4454
0.20956,0.02517,0.023846,0.042926,0.099467,0.029,0.043697,0.051663,0.029774,0.44489
0.20933,0.025247,0.02387,0.042827,0.099901,0.029155,0.043653,0.051682,0.029951,0.44439
0.20909,0.025322,0.023892,0.042727,0.10034,0.029309,0.043608,0.051697,0.030125,0.44389
0.20886,0.025395,0.023913,0.042625,0.10079,0.029461,0.04356,0.051707,0.030295,0.44339
0.20864,0.025465,0.023932,0.042521,0.10124,0.029612,0.043511,0.051712,0.030461,0.4429
0.20842,0.025533,0.02395,0.042416,0.10171,0.029761,0.043461,0.051713,0.030623,0.44241
0.20821,0.025599,0.023966,0.042309,0.10218,0.029908,0.043409,0.051709,0.030782,0.44193
0.208,0.025662,0.02398,0.0422,0.10265,0.030054,0.043355,0.051702,0.030937,0.44146
0.2078,0.025723,0.023993,0.04209,0.10313,0.030199,0.043299,0.051689,0.031087,0.44099
0.2076,0.025781,0.024004,0.041978,0.10362,0.030341,0.043242,0.051673,0.031235,0.44053
0.2074,0.025837,0.024014,0.041864,0.10412,0.030483,0.043184,0.051652,0.031378,0.44007
0.20721,0.025891,0.024022,0.04175,0.10462,0.030622,0.043124,0.051628,0.031517,0.43961
0.20702,0.025943,0.024028,0.041633,0.10513,0.03076,0.043062,0.051599,0.031653,0.43917
0.20684,0.025992,0.024033,0.041516,0.10565,0.030897,0.042999,0.051566,0.031785,0.43872
0.20666,0.026039,0.024037,0.041397,0.10617,0.031032,0.042934,0.051529,0.031913,0.43828
0.20649,0.026084,0.024039,0.041277,0.1067,0.031166,0.042868,0.051489,0.032037,0.43785
0.20632,0.026126,0.024039,0.041155,0.10724,0.031298,0.042801,0.051444,0.032157,0.43742
0.20615,0.026167,0.024038,0.041032,0.10778,0.031428,0.042732,0.051396,0.032274,0.437
0.20599,0.026204,0.024036,0.040908,0.10833,0.031557,0.042662,0.051344,0.032386,0.43658
0.20583,0.02624,0.024032,0.040783,0.10888,0.031685,0.042591,0.051289,0.032495,0.43617
0.20568,0.026274,0.024027,0.040656,0.10944,0.031811,0.042518,0.051229,0.0326,0.43576
0.20553,0.026305,0.02402,0.040529,0.11001,0.031936,0.042444,0.051167,0.032702,0.43536
0.20538,0.026334,0.024012,0.0404,0.11058,0.032059,0.042368,0.051101,0.032799,0.43496
0.20523,0.026361,0.024002,0.040271,0.11116,0.03218,0.042292,0.051031,0.032893,0.43457
0.20509,0.026386,0.023991,0.04014,0.11175,0.032301,0.042214,0.050958,0.032984,0.43419
0.20496,0.026408,0.023979,0.040008,0.11234,0.03242,0.042135,0.050882,0.03307,0.4338
0.20482,0.026429,0.023965,0.039876,0.11294,0.032537,0.042054,0.050803,0.033153,0.43343
0.20469,0.026447,0.02395,0.039742,0.11354,0.032653,0.041973,0.05072,0.033232,0.43305
0.20456,0.026463,0.023934,0.039608,0.11415,0.032767,0.04189,0.050634,0.033308,0.43268
0.20444,0.026477,0.023916,0.039472,0.11476,0.032881,0.041806,0.050545,0.03338,0.43232
0.20432,0.02649,0.023897,0.039336,0.11538,0.032992,0.041721,0.050453,0.033448,0.43196
0.2042,0.0265,0.023877,0.039199,0.11601,0.033103,0.041634,0.050359,0.033513,0.43161
0.20408,0.026507,0.023855,0.039061,0.11664,0.033212,0.041547,0.050261,0.033574,0.43126
0.20397,0.026513,0.023832,0.038922,0.11728,0.033319,0.041458,0.05016,0.033631,0.43092
0.20386,0.026517,0.023808,0.038783,0.11792,0.033426,0.041369,0.050057,0.033685,0.43058
0.20375,0.026519,0.023782,0.038643,0.11856,0.033531,0.041278,0.049951,0.033736,0.43024
0.20365,0.026519,0.023756,0.038502,0.11922,0.033634,0.041186,0.049842,0.033783,0.42991
0.20355,0.026517,0.023728,0.038361,0.11987,0.033737,0.041094,0.04973,0.033827,0.42959
0.20345,0.026513,0.023699,0.038219,0.12054,0.033837,0.041,0.049616,0.033867,0.42926
0.20335,0.026508,0.023669,0.038076,0.1212,0.033937,0.040905,0.0495,0.033904,0.42895
0.20326,0.0265,0.023637,0.037933,0.12187,0.034035,0.040809,0.049381,0.033938,0.42863
0.20317,0.02649,0.023605,0.037789,0.12255,0.034133,0.040713,0.049259,0.033968,0.42833
0.20308,0.026479,0.023571,0.037645,0.12323,0.034228,0.040615,0.049135,0.033995,0.42802
0.20299,0.026465,0.023536,0.0375,0.12392,0.034323,0.040516,0.049009,0.034019,0.42772
0.20291,0.02645,0.0235,0.037355,0.12461,0.034416,0.040417,0.04888,0.034039,0.42743
0.20283,0.026433,0.023463,0.037209,0.1253,0.034508,0.040316,0.04875,0.034057,0.42713
0.20275,0.026415,0.023425,0.037062,0.126,0.034599,0.040215,0.048617,0.034071,0.42685
0.20267,0.026394,0.023386,0.036916,0.12671,0.034688,0.040113,0.048481,0.034082,0.42656
0.20259,0.026372,0.023346,0.036769,0.12741,0.034777,0.040009,0.048344,0.03409,0.42628
0.20252,0.026348,0.023304,0.036621,0.12813,0.034864,0.039905,0.048205,0.034095,0.42601
0.20245,0.026323,0.023262,0.036474,0.12884,0.03495,0.039801,0.048064,0.034096,0.42574
0.20238,0.026295,0.023218,0.036326,0.12956,0.035035,0.039695,0.04792,0.034095,0.42547
0.20232,0.026266,0.023174,0.036177,0.13029,0.035118,0.039589,0.047775,0.034091,0.42521
0.20225,0.026236,0.023129,0.036028,0.13101,0.0352,0.039481,0.047628,0.034084,0.42495
0.20219,0.026203,0.023082,0.035879,0.13175,0.035282,0.039373,0.047479,0.034074,0.42469
0.20213,0.02617,0.023035,0.03573,0.13248,0.035362,0.039265,0.047329,0.034061,0.42444
0.20207,0.026134,0.022987,0.035581,0.13322,0.035441,0.039155,0.047176,0.034046,0.42419
0.20201,0.026097,0.022938,0.035431,0.13396,0.035519,0.039045,0.047022,0.034027,0.42395
0.20196,0.026059,0.022887,0.035281,0.13471,0.035595,0.038934,0.046867,0.034006,0.42371
0.2019,0.026019,0.022836,0.035131,0.13546,0.035671,0.038822,0.046709,0.033982,0.42347
0.20185,0.025977,0.022784,0.034981,0.13621,0.035745,0.03871,0.04655,0.033955,0.42324
0.2018,0.025934,0.022732,0.034831,0.13697,0.035819,0.038597,0.04639,0.033926,0.42301
0.20175,0.02589,0.022678,0.03468,0.13772,0.035891,0.038483,0.046228,0.033894,0.42278
0.20171,0.025844,0.022624,0.03453,0.13849,0.035962,0.038369,0.046065,0.03386,0.42256
0.20166,0.025797,0.022568,0.034379,0.13925,0.036032,0.038254,0.0459,0.033823,0.42234
0.20162,0.025748,0.022512,0.034228,0.14002,0.036102,0.038138,0.045734,0.033783,0.42212
0.20157,0.025698,0.022455,0.034078,0.14079,0.03617,0.038022,0.045567,0.033741,0.42191
0.20153,0.025647,0.022397,0.033927,0.14156,0.036237,0.037905,0.045398,0.033697,0.4217
0.2015,0.025594,0.022339,0.033776,0.14234,0.036303,0.037788,0.045228,0.03365,0.42149
0.20146,0.02554,0.022279,0.033625,0.14311,0.036368,0.03767,0.045057,0.033601,0.42129
0.20142,0.025485,0.022219,0.033475,0.1439,0.036432,0.037552,0.044884,0.033549,0.42109
0.20139,0.025428,0.022159,0.033324,0.14468,0.036495,0.037433,0.044711,0.033496,0.42089
0.20135,0.025371,0.022097,0.033173,0.14546,0.036557,0.037313,0.044536,0.03344,0.4207
0.20132,0.025312,0.022035,0.033022,0.14625,0.036618,0.037193,0.044361,0.033381,0.4205
0.20129,0.025252,0.021972,0.032872,0.14704,0.036678,0.037073,0.044184,0.033321,0.42032
0.20126,0.02519,0.021908,0.032721,0.14783,0.036737,0.036951,0.044007,0.033258,0.42013
0.20123,0.025128,0.021844,0.032571,0.14863,0.036795,0.03683,0.043828,0.033194,0.41995
0.20121,0.025064,0.021779,0.032421,0.14942,0.036853,0.036708,0.043648,0.033127,0.41977
0.20118,0.024999,0.021714,0.032271,0.15022,0.036909,0.036585,0.043468,0.033058,0.41959
0.20116,0.024933,0.021647,0.032121,0.15102,0.036964,0.036463,0.043287,0.032988,0.41942
0.20113,0.024866,0.02158,0.031971,0.15182,0.037019,0.036339,0.043105,0.032915,0.41925
0.20111,0.024798,0.021513,0.031821,0.15262,0.037073,0.036216,0.042922,0.03284,0.41908
0.20109,0.024729,0.021445,0.031671,0.15343,0.037125,0.036091,0.042738,0.032764,0.41892
0.20107,0.024659,0.021376,0.031522,0.15423,0.037177,0.035967,0.042554,0.032685,0.41875
0.20105,0.024588,0.021307,0.031373,0.15504,0.037228,0.035842,0.042369,0.032605,0.4186
0.20103,0.024516,0.021237,0.031224,0.15585,0.037278,0.035717,0.042183,0.032523,0.41844
0.20102,0.024443,0.021167,0.031075,0.15666,0.037327,0.035591,0.041997,0.032439,0.41828
0.201,0.024369,0.021096,0.030927,0.15747,0.037376,0.035465,0.04181,0.032354,0.41813
0.20099,0.024294,0.021025,0.030779,0.15828,0.037423,0.035339,0.041622,0.032267,0.41798
0.20097,0.024219,0.020953,0.030631,0.15909,0.03747,0.035213,0.041434,0.032178,0.41783
0.20096,0.024142,0.020881,0.030483,0.15991,0.037516,0.035086,0.041245,0.032088,0.41769
0.20095,0.024064,0.020808,0.030336,0.16072,0.037561,0.034958,0.041056,0.031996,0.41755
0.20094,0.023986,0.020735,0.030188,0.16154,0.037606,0.034831,0.040866,0.031902,0.41741
0.20093,0.023907,0.020661,0.030042,0.16236,0.037649,0.034703,0.040676,0.031807,0.41727
0.20092,0.023827,0.020587,0.029895,0.16317,0.037692,0.034575,0.040486,0.031711,0.41714
0.20091,0.023746,0.020512,0.029749,0.16399,0.037734,0.034447,0.040295,0.031613,0.417
0.2009,0.023665,0.020437,0.029603,0.16481,0.037775,0.034319,0.040104,0.031514,0.41687
0.2009,0.023582,0.020362,0.029457,0.16563,0.037816,0.03419,0.039912,0.031413,0.41674
0.20089,0.0235,0.020286,0.029312,0.16645,0.037855,0.034061,0.03972,0.031311,0.41662
0.20089,0.023416,0.02021,0.029167,0.16727,0.037894,0.033932,0.039528,0.031208,0.41649
0.20088,0.023331,0.020133,0.029023,0.16809,0.037932,0.033803,0.039336,0.031103,0.41637
0.20088,0.023246,0.020056,0.028878,0.16891,0.03797,0.033673,0.039143,0.030997,0.41625
0.20088,0.023161,0.019979,0.028735,0.16973,0.038007,0.033544,0.03895,0.03089,0.41613
0.20087,0.023074,0.019901,0.028591,0.17055,0.038043,0.033414,0.038757,0.030782,0.41602
0.20087,0.022987,0.019823,0.028448,0.17137,0.038078,0.033284,0.038564,0.030673,0.4159
0.20087,0.0229,0.019745,0.028305,0.17219,0.038113,0.033154,0.038371,0.030562,0.41579
0.20087,0.022812,0.019667,0.028163,0.17301,0.038147,0.033024,0.038177,0.03045,0.41568
0.20087,0.022723,0.019588,0.028021,0.17383,0.03818,0.032893,0.037983,0.030338,0.41557
0.20087,0.022634,0.019508,0.02788,0.17465,0.038213,0.032763,0.03779,0.030224,0.41547
0.20087,0.022544,0.019429,0.027739,0.17547,0.038245,0.032633,0.037596,0.030109,0.41536
0.20088,0.022453,0.019349,0.027598,0.17629,0.038276,0.032502,0.037402,0.029994,0.41526
0.20088,0.022363,0.019269,0.027458,0.17711,0.038307,0.032371,0.037208,0.029877,0.41516
0.20088,0.022271,0.019189,0.027319,0.17793,0.038337,0.032241,0.037015,0.029759,0.41506
0.20089,0.022179,0.019109,0.027179,0.17874,0.038366,0.03211,0.036821,0.029641,0.41496
0.20089,0.022087,0.019028,0.027041,0.17956,0.038395,0.031979,0.036627,0.029522,0.41487
0.2009,0.021994,0.018947,0.026902,0.18038,0.038423,0.031848,0.036433,0.029401,0.41477
0.2009,0.021901,0.018866,0.026764,0.1812,0.038451,0.031717,0.03624,0.02928,0.41468
0.20091,0.021808,0.018785,0.026627,0.18201,0.038478,0.031586,0.036046,0.029159,0.41459
0.20092,0.021714,0.018703,0.02649,0.18283,0.038504,0.031455,0.035853,0.029036,0.4145
0.20092,0.02162,0.018621,0.026354,0.18364,0.03853,0.031324,0.035659,0.028913,0.41441
0.20093,0.021525,0.01854,0.026218,0.18445,0.038555,0.031194,0.035466,0.028789,0.41433
0.20094,0.02143,0.018458,0.026082,0.18527,0.03858,0.031063,0.035273,0.028664,0.41424
0.20095,0.021334,0.018375,0.025947,0.18608,0.038604,0.030932,0.03508,0.028539,0.41416
0.20096,0.021239,0.018293,0.025813,0.18689,0.038627,0.030801,0.034888,0.028413,0.41408
0.20097,0.021143,0.018211,0.025679,0.1877,0.03865,0.03067,0.034695,0.028287,0.414
0.20098,0.021046,0.018128,0.025545,0.18851,0.038673,0.030539,0.034503,0.02816,0.41392
0.20099,0.02095,0.018045,0.025412,0.18931,0.038694,0.030409,0.034311,0.028032,0.41384
0.201,0.020853,0.017963,0.02528,0.19012,0.038716,0.030278,0.03412,0.027904,0.41377
0.20101,0.020756,0.01788,0.025148,0.19092,0.038737,0.030148,0.033928,0.027775,0.41369
0.20102,0.020659,0.017797,0.025017,0.19173,0.038757,0.030017,0.033737,0.027646,0.41362
0.20103,0.020561,0.017714,0.024886,0.19253,0.038777,0.029887,0.033546,0.027516,0.41355
0.20105,0.020463,0.017631,0.024755,0.19333,0.038796,0.029757,0.033356,0.027386,0.41348
0.20106,0.020365,0.017548,0.024626,0.19413,0.038815,0.029627,0.033166,0.027256,0.41341
0.20107,0.020267,0.017464,0.024496,0.19493,0.038833,0.029497,0.032976,0.027125,0.41334
0.20108,0.020169,0.017381,0.024368,0.19572,0.038851,0.029367,0.032786,0.026994,0.41328
0.2011,0.020071,0.017298,0.024239,0.19652,0.038868,0.029237,0.032597,0.026862,0.41321
0.20111,0.019972,0.017214,0.024112,0.19731,0.038885,0.029108,0.032408,0.02673,0.41315
0.20113,0.019873,0.017131,0.023985,0.1981,0.038901,0.028978,0.03222,0.026598,0.41308
0.20114,0.019774,0.017048,0.023858,0.19889,0.038917,0.028849,0.032032,0.026466,0.41302
0.20115,0.019675,0.016964,0.023732,0.19968,0.038933,0.02872,0.031845,0.026333,0.41296
0.20117,0.019576,0.016881,0.023607,0.20047,0.038948,0.028591,0.031658,0.0262,0.4129
0.20118,0.019477,0.016798,0.023482,0.20125,0.038962,0.028462,0.031471,0.026067,0.41285
0.2012,0.019378,0.016714,0.023357,0.20203,0.038976,0.028334,0.031285,0.025933,0.41279
0.20122,0.019278,0.016631,0.023234,0.20281,0.03899,0.028205,0.031099,0.025799,0.41273
0.20123,0.019179,0.016547,0.023111,0.20359,0.039003,0.028077,0.030914,0.025666,0.41268
0.20125,0.01908,0.016464,0.022988,0.20437,0.039016,0.027949,0.030729,0.025532,0.41262
0.20126,0.01898,0.016381,0.022866,0.20515,0.039029,0.027822,0.030545,0.025397,0.41257
0.20128,0.018881,0.016298,0.022744,0.20592,0.039041,0.027694,0.030361,0.025263,0.41252
0.2013,0.018781,0.016215,0.022623,0.20669,0.039053,0.027567,0.030178,0.025129,0.41247
0.20131,0.018682,0.016131,0.022503,0.20746,0.039064,0.02744,0.029995,0.024994,0.41242
0.20133,0.018582,0.016048,0.022383,0.20823,0.039075,0.027313,0.029813,0.02486,0.41237
0.20135,0.018483,0.015965,0.022264,0.20899,0.039085,0.027187,0.029631,0.024725,0.41232
0.20137,0.018383,0.015883,0.022145,0.20975,0.039095,0.02706,0.02945,0.024591,0.41227
0.20138,0.018284,0.0158,0.022027,0.21051,0.039105,0.026934,0.029269,0.024456,0.41223
0.2014,0.018184,0.015717,0.02191,0.21127,0.039114,0.026809,0.029089,0.024321,0.41218
0.20142,0.018085,0.015634,0.021793,0.21203,0.039123,0.026683,0.02891,0.024187,0.41214
0.20144,0.017986,0.015552,0.021676,0.21278,0.039132,0.026558,0.028731,0.024052,0.41209
0.20146,0.017886,0.015469,0.021561,0.21353,0.03914,0.026433,0.028552,0.023917,0.41205
0.20148,0.017787,0.015387,0.021445,0.21428,0.039148,0.026308,0.028375,0.023783,0.41201
0.20149,0.017688,0.015305,0.021331,0.21503,0.039156,0.026184,0.028198,0.023648,0.41197
0.20151,0.017589,0.015223,0.021217,0.21577,0.039163,0.02606,0.028021,0.023514,0.41193
0.20153,0.01749,0.015141,0.021103,0.21651,0.03917,0.025936,0.027845,0.02338,0.41189
0.20155,0.017392,0.015059,0.02099,0.21725,0.039177,0.025813,0.02767,0.023246,0.41185
0.20157,0.017293,0.014978,0.020878,0.21799,0.039183,0.02569,0.027495,0.023112,0.41181
0.20159,0.017194,0.014896,0.020767,0.21872,0.039189,0.025567,0.027321,0.022978,0.41177
0.20161,0.017096,0.014815,0.020655,0.21946,0.039195,0.025445,0.027148,0.022844,0.41174
0.20163,0.016998,0.014733,0.020545,0.22018,0.0392,0.025322,0.026975,0.02271,0.4117
0.20165,0.0169,0.014652,0.020435,0.22091,0.039205,0.025201,0.026803,0.022577,0.41167
0.20167,0.016802,0.014571,0.020326,0.22164,0.03921,0.025079,0.026632,0.022444,0.41163
0.20169,0.016704,0.014491,0.020217,0.22236,0.039215,0.024958,0.026461,0.02231,0.4116
0.20171,0.016607,0.01441,0.020109,0.22308,0.039219,0.024837,0.026291,0.022178,0.41157
0.20173,0.016509,0.01433,0.020001,0.22379,0.039223,0.024717,0.026122,0.022045,0.41153
0.20175,0.016412,0.01425,0.019894,0.22451,0.039227,0.024597,0.025953,0.021913,0.4115
0.20177,0.016315,0.01417,0.019787,0.22522,0.03923,0.024477,0.025785,0.02178,0.41147
0.20179,0.016218,0.01409,0.019682,0.22593,0.039233,0.024358,0.025618,0.021649,0.41144
0.20181,0.016122,0.01401,0.019576,0.22663,0.039236,0.024239,0.025451,0.021517,0.41141
0.20183,0.016025,0.013931,0.019472,0.22733,0.039238,0.02412,0.025285,0.021385,0.41138
0.20185,0.015929,0.013852,0.019367,0.22803,0.039241,0.024002,0.02512,0.021254,0.41135
0.20187,0.015833,0.013773,0.019264,0.22873,0.039243,0.023884,0.024955,0.021124,0.41133
0.20189,0.015737,0.013694,0.019161,0.22943,0.039245,0.023767,0.024792,0.020993,0.4113
0.20191,0.015642,0.013615,0.019059,0.23012,0.039246,0.02365,0.024628,0.020863,0.41127
0.20193,0.015546,0.013537,0.018957,0.23081,0.039248,0.023533,0.024466,0.020733,0.41125
0.20195,0.015451,0.013459,0.018856,0.23149,0.039249,0.023417,0.024304,0.020603,0.41122
0.20197,0.015357,0.013381,0.018755,0.23218,0.03925,0.023301,0.024143,0.020474,0.41119
0.20199,0.015262,0.013303,0.018655,0.23286,0.03925,0.023186,0.023983,0.020345,0.41117
0.20201,0.015168,0.013225,0.018555,0.23353,0.039251,0.023071,0.023824,0.020217,0.41115
0.20203,0.015074,0.013148,0.018456,0.23421,0.039251,0.022956,0.023665,0.020089,0.41112
0.20205,0.01498,0.013071,0.018358,0.23488,0.039251,0.022842,0.023507,0.019961,0.4111
0.20207,0.014887,0.012994,0.01826,0.23555,0.039251,0.022728,0.023349,0.019833,0.41108
0.20209,0.014794,0.012918,0.018163,0.23622,0.03925,0.022615,0.023193,0.019706,0.41105
0.20211,0.014701,0.012842,0.018066,0.23688,0.03925,0.022502,0.023037,0.01958,0.41103
0.20213,0.014608,0.012765,0.01797,0.23754,0.039249,0.022389,0.022882,0.019453,0.41101
0.20215,0.014516,0.01269,0.017875,0.2382,0.039248,0.022277,0.022728,0.019327,0.41099
0.20217,0.014424,0.012614,0.01778,0.23885,0.039247,0.022166,0.022574,0.019202,0.41097
0.20219,0.014332,0.012539,0.017685,0.2395,0.039245,0.022054,0.022421,0.019077,0.41095
0.20221,0.014241,0.012464,0.017592,0.24015,0.039244,0.021944,0.022269,0.018952,0.41093
0.20223,0.01415,0.012389,0.017498,0.2408,0.039242,0.021833,0.022118,0.018828,0.41091
0.20225,0.014059,0.012315,0.017406,0.24144,0.03924,0.021723,0.021967,0.018704,0.41089
0.20228,0.013968,0.01224,0.017313,0.24208,0.039238,0.021614,0.021817,0.018581,0.41087
0.2023,0.013878,0.012166,0.017222,0.24272,0.039236,0.021505,0.021668,0.018458,0.41086
0.20232,0.013788,0.012093,0.017131,0.24335,0.039233,0.021396,0.02152,0.018336,0.41084
0.20234,0.013699,0.012019,0.01704,0.24398,0.039231,0.021288,0.021372,0.018214,0.41082
0.20236,0.01361,0.011946,0.01695,0.24461,0.039228,0.02118,0.021225,0.018092,0.4108
0.20238,0.013521,0.011873,0.016861,0.24523,0.039225,0.021073,0.021079,0.017971,0.41079
0.2024,0.013432,0.011801,0.016772,0.24585,0.039222,0.020966,0.020934,0.01785,0.41077
0.20242,0.013344,0.011728,0.016684,0.24647,0.039219,0.02086,0.020789,0.01773,0.41076
0.20244,0.013256,0.011656,0.016596,0.24709,0.039215,0.020754,0.020646,0.017611,0.41074
0.20246,0.013169,0.011585,0.016509,0.2477,0.039212,0.020649,0.020503,0.017492,0.41073
0.20248,0.013082,0.011513,0.016422,0.24831,0.039208,0.020544,0.02036,0.017373,0.41071
0.2025,0.012995,0.011442,0.016336,0.24891,0.039204,0.020439,0.020219,0.017255,0.4107
0.20252,0.012909,0.011371,0.016251,0.24952,0.0392,0.020335,0.020078,0.017137,0.41068
0.20254,0.012823,0.011301,0.016166,0.25012,0.039196,0.020232,0.019938,0.01702,0.41067
0.20256,0.012737,0.01123,0.016081,0.25072,0.039192,0.020129,0.019799,0.016903,0.41066
0.20258,0.012652,0.01116,0.015997,0.25131,0.039188,0.020026,0.019661,0.016787,0.41064
0.2026,0.012567,0.011091,0.015914,0.2519,0.039183,0.019924,0.019523,0.016671,0.41063
0.20262,0.012482,0.011021,0.015831,0.25249,0.039179,0.019822,0.019386,0.016556,0.41062
0.20264,0.012398,0.010952,0.015749,0.25307,0.039174,0.019721,0.01925,0.016442,0.41061
0.20266,0.012314,0.010883,0.015667,0.25366,0.039169,0.01962,0.019114,0.016327,0.41059
0.20268,0.01223,0.010815,0.015586,0.25423,0.039164,0.01952,0.01898,0.016214,0.41058
0.20269,0.012147,0.010747,0.015505,0.25481,0.039159,0.01942,0.018846,0.016101,0.41057
0.20271,0.012064,0.010679,0.015425,0.25538,0.039154,0.019321,0.018713,0.015988,0.41056
0.20273,0.011982,0.010611,0.015345,0.25595,0.039149,0.019222,0.01858,0.015876,0.41055
0.20275,0.0119,0.010544,0.015266,0.25652,0.039144,0.019124,0.018449,0.015765,0.41054
0.20277,0.011818,0.010477,0.015187,0.25708,0.039138,0.019026,0.018318,0.015654,0.41053
0.20279,0.011737,0.01041,0.015109,0.25764,0.039133,0.018929,0.018188,0.015543,0.41052
0.20281,0.011656,0.010344,0.015031,0.2582,0.039127,0.018832,0.018059,0.015434,0.41051
0.20283,0.011576,0.010278,0.014954,0.25875,0.039121,0.018735,0.01793,0.015324,0.4105
0.20285,0.011496,0.010212,0.014877,0.25931,0.039115,0.018639,0.017802,0.015215,0.41049
0.20287,0.011416,0.010147,0.014801,0.25985,0.039109,0.018544,0.017675,0.015107,0.41048
0.20289,0.011337,0.010082,0.014726,0.2604,0.039103,0.018449,0.017549,0.014999,0.41047
0.20291,0.011258,0.010017,0.01465,0.26094,0.039097,0.018354,0.017423,0.014892,0.41046
0.20292,0.011179,0.0099524,0.014576,0.26148,0.039091,0.01826,0.017298,0.014786,0.41045
0.20294,0.011101,0.0098882,0.014502,0.26202,0.039085,0.018167,0.017174,0.01468,0.41044
0.20296,0.011023,0.0098244,0.014428,0.26255,0.039079,0.018073,0.017051,0.014574,0.41044
0.20298,0.010946,0.0097609,0.014355,0.26308,0.039072,0.017981,0.016928,0.014469,0.41043
0.203,0.010869,0.0096976,0.014282,0.26361,0.039066,0.017889,0.016806,0.014365,0.41042
0.20302,0.010792,0.0096347,0.01421,0.26413,0.039059,0.017797,0.016685,0.014261,0.41041
0.20303,0.010716,0.0095721,0.014138,0.26465,0.039053,0.017706,0.016565,0.014157,0.41041
0.20305,0.01064,0.0095099,0.014067,0.26517,0.039046,0.017615,0.016445,0.014055,0.4104
0.20307,0.010565,0.0094479,0.013996,0.26569,0.039039,0.017525,0.016326,0.013952,0.41039
0.20309,0.01049,0.0093863,0.013926,0.2662,0.039032,0.017435,0.016208,0.013851,0.41039
0.20311,0.010415,0.009325,0.013856,0.26671,0.039026,0.017346,0.016091,0.01375,0.41038
0.20312,0.010341,0.009264,0.013787,0.26721,0.039019,0.017257,0.015974,0.013649,0.41037
0.20314,0.010267,0.0092033,0.013718,0.26772,0.039012,0.017169,0.015858,0.013549,0.41037
0.20316,0.010194,0.0091429,0.01365,0.26822,0.039005,0.017081,0.015743,0.01345,0.41036
0.20318,0.010121,0.0090829,0.013582,0.26871,0.038997,0.016994,0.015628,0.013351,0.41035
0.2032,0.010048,0.0090231,0.013515,0.26921,0.03899,0.016907,0.015514,0.013253,0.41035
0.20321,0.0099756,0.0089637,0.013448,0.2697,0.038983,0.016821,0.015401,0.013155,0.41034
0.20323,0.0099037,0.0089046,0.013381,0.27019,0.038976,0.016735,0.015289,0.013058,0.41034
0.20325,0.0098323,0.0088458,0.013315,0.27067,0.038969,0.01665,0.015177,0.012961,0.41033
0.20326,0.0097612,0.0087874,0.01325,0.27115,0.038961,0.016565,0.015066,0.012865,0.41033
0.20328,0.0096905,0.0087292,0.013184,0.27163,0.038954,0.01648,0.014956,0.012769,0.41032
0.2033,0.0096202,0.0086714,0.01312,0.27211,0.038946,0.016396,0.014847,0.012674,0.41032
0.20332,0.0095503,0.0086139,0.013056,0.27258,0.038939,0.016313,0.014738,0.01258,0.41031
0.20333,0.0094808,0.0085567,0.012992,0.27305,0.038932,0.01623,0.01463,0.012486,0.41031
0.20335,0.0094117,0.0084999,0.012929,0.27352,0.038924,0.016147,0.014522,0.012393,0.4103
0.20337,0.009343,0.0084433,0.012866,0.27399,0.038916,0.016065,0.014416,0.0123,0.4103
0.20338,0.0092747,0.0083871,0.012803,0.27445,0.038909,0.015984,0.01431,0.012208,0.41029
0.2034,0.0092068,0.0083311,0.012741,0.27491,0.038901,0.015902,0.014204,0.012116,0.41029
0.20342,0.0091393,0.0082755,0.01268,0.27536,0.038894,0.015822,0.0141,0.012025,0.41029
0.20343,0.0090722,0.0082202,0.012619,0.27582,0.038886,0.015742,0.013996,0.011935,0.41028
0.20345,0.0090054,0.0081653,0.012558,0.27627,0.038878,0.015662,0.013892,0.011845,0.41028
0.20346,0.0089391,0.0081106,0.012498,0.27672,0.03887,0.015583,0.01379,0.011755,0.41027
0.20348,0.0088732,0.0080563,0.012438,0.27716,0.038863,0.015504,0.013688,0.011666,0.41027
0.2035,0.0088076,0.0080022,0.012378,0.2776,0.038855,0.015426,0.013587,0.011578,0.41027
0.20351,0.0087424,0.0079485,0.012319,0.27804,0.038847,0.015348,0.013486,0.01149,0.41026
0.20353,0.0086777,0.0078951,0.012261,0.27848,0.038839,0.01527,0.013386,0.011403,0.41026
0.20354,0.0086133,0.007842,0.012203,0.27891,0.038831,0.015193,0.013287,0.011316,0.41026
0.20356,0.0085493,0.0077892,0.012145,0.27934,0.038824,0.015117,0.013189,0.01123,0.41025
0.20357,0.0084857,0.0077368,0.012088,0.27977,0.038816,0.015041,0.013091,0.011144,0.41025
0.20359,0.0084224,0.0076846,0.012031,0.2802,0.038808,0.014966,0.012993,0.011059,0.41025
0.20361,0.0083596,0.0076328,0.011974,0.28062,0.0388,0.01489,0.012897,0.010975,0.41025
0.20362,0.0082972,0.0075812,0.011918,0.28104,0.038792,0.014816,0.012801,0.010891,0.41024
0.20364,0.0082351,0.00753,0.011863,0.28146,0.038784,0.014742,0.012706,0.010807,0.41024
0.20365,0.0081734,0.0074791,0.011807,0.28187,0.038776,0.014668,0.012611,0.010724,0.41024
0.20367,0.0081121,0.0074285,0.011752,0.28228,0.038768,0.014595,0.012517,0.010642,0.41023
0.20368,0.0080512,0.0073782,0.011698,0.28269,0.03876,0.014522,0.012424,0.01056,0.41023
0.2037,0.0079907,0.0073282,0.011644,0.2831,0.038752,0.01445,0.012331,0.010479,0.41023
0.20371,0.0079305,0.0072785,0.01159,0.2835,0.038744,0.014378,0.012239,0.010398,0.41023
0.20373,0.0078707,0.0072291,0.011537,0.2839,0.038736,0.014306,0.012148,0.010318,0.41023
0.20374,0.0078113,0.00718,0.011484,0.2843,0.038728,0.014235,0.012057,0.010238,0.41022
0.20375,0.0077523,0.0071312,0.011431,0.2847,0.03872,0.014165,0.011967,0.010159,0.41022
0.20377,0.0076937,0.0070827,0.011379,0.28509,0.038712,0.014095,0.011878,0.01008,0.41022
