0,0,0,0,0,0,0,0,0,1
0,0,0,0,0,0,2.5e-05,0.024625,0.0001,0.97525
0,0,0,0,0,3.0095e-06,0.0001291,0.048073,0.00028166,0.95151
0,0,0,6.7275e-09,2.5192e-06,2.009e-05,0.00038252,0.070305,0.00052883,0.92876
2.3284e-08,2.925e-13,1.97e-10,8.2818e-08,1.301e-05,5.9137e-05,0.00083997,0.091296,0.00082732,0.90696
1.5255e-07,7.0349e-12,2.1303e-09,4.0027e-07,3.9027e-05,0.00012542,0.0015426,0.11103,0.0011648,0.8861
5.5902e-07,5.7784e-11,1.0697e-08,1.2707e-06,8.9529e-05,0.00022204,0.0025197,0.12951,0.0015304,0.86613
1.5253e-06,2.7867e-10,3.6461e-08,3.1577e-06,0.0001743,0.00035038,0.0037906,0.14673,0.0019149,0.84703
3.4626e-06,9.721e-10,9.785e-08,6.6754e-06,0.00030348,0.00051041,0.0053658,0.16272,0.0023103,0.82878
6.9233e-06,2.7265e-09,2.2299e-07,1.2577e-05,0.00048718,0.00070101,0.0072484,0.17749,0.0027097,0.81134
1.2608e-05,6.5357e-09,4.5099e-07,2.1738e-05,0.00073517,0.00092025,0.0094354,0.19107,0.0031074,0.7947
2.1372e-05,1.3917e-08,8.327e-07,3.5131e-05,0.0010567,0.0011656,0.011918,0.20348,0.0034986,0.77882
3.4223e-05,2.7012e-08,1.4307e-06,5.3803e-05,0.0014601,0.001434,0.014685,0.21478,0.0038792,0.76368
5.2321e-05,4.8669e-08,2.319e-06,7.8846e-05,0.0019531,0.0017224,0.01772,0.22498,0.004246,0.74924
7.6974e-05,8.2492e-08,3.5819e-06,0.00011138,0.0025422,0.0020272,0.021003,0.23414,0.0045962,0.7355
0.00010963,1.3286e-07,5.3126e-06,0.0001525,0.0032331,0.0023452,0.024516,0.24229,0.004928,0.72242
0.00015187,2.049e-07,7.6115e-06,0.00020331,0.0040302,0.0026729,0.028234,0.24949,0.0052397,0.70997
0.0002054,3.0447e-07,1.0584e-05,0.00026483,0.004937,0.0030071,0.032136,0.25576,0.0055301,0.69815
0.00027203,4.3802e-07,1.434e-05,0.00033804,0.0059561,0.0033446,0.036198,0.26117,0.0057986,0.68691
0.00035368,6.1255e-07,1.8987e-05,0.00042382,0.0070887,0.0036826,0.040395,0.26575,0.0060447,0.67624
0.00045236,8.3547e-07,2.4634e-05,0.00052296,0.0083356,0.0040184,0.044703,0.26955,0.0062683,0.66612
0.00057014,1.1144e-06,3.1387e-05,0.00063615,0.0096961,0.0043495,0.0491,0.27262,0.0064694,0.65653
0.00070916,1.4572e-06,3.9344e-05,0.00076397,0.011169,0.0046737,0.053563,0.27499,0.0066483,0.64744
0.00087162,1.8715e-06,4.8598e-05,0.00090687,0.012753,0.0049891,0.058068,0.27672,0.0068056,0.63884
0.0010597,2.365e-06,5.9231e-05,0.0010652,0.014444,0.005294,0.062595,0.27784,0.0069417,0.6307
0.0012758,2.9448e-06,7.1318e-05,0.0012391,0.01624,0.0055868,0.067124,0.27839,0.0070573,0.62301
0.001522,3.6178e-06,8.4919e-05,0.0014288,0.018136,0.0058664,0.071636,0.27842,0.0071533,0.61575
0.0018006,4.3901e-06,0.00010009,0.0016341,0.020128,0.0061318,0.076112,0.27797,0.0072305,0.60889
0.0021139,5.2673e-06,0.00011685,0.001855,0.022212,0.0063821,0.080535,0.27706,0.0072898,0.60243
0.0024642,6.2542e-06,0.00013525,0.0020912,0.024381,0.0066166,0.084891,0.27573,0.0073321,0.59635
0.0028535,7.3547e-06,0.00015528,0.0023424,0.026631,0.006835,0.089164,0.27403,0.0073584,0.59062
0.003284,8.5718e-06,0.00017694,0.002608,0.028956,0.007037,0.093342,0.27197,0.0073695,0.58524
0.0037579,9.9077e-06,0.00020022,0.0028876,0.031349,0.0072224,0.097413,0.2696,0.0073666,0.58019
0.0042771,1.1364e-05,0.0002251,0.0031806,0.033805,0.0073912,0.10137,0.26694,0.0073505,0.57545
0.0048436,1.294e-05,0.00025152,0.0034861,0.036317,0.0075434,0.10519,0.26402,0.0073221,0.57101
0.0054594,1.4635e-05,0.00027945,0.0038036,0.038879,0.0076794,0.10888,0.26086,0.0072825,0.56686
0.0061262,1.6449e-05,0.00030881,0.0041321,0.041484,0.0077994,0.11243,0.25749,0.0072324,0.56298
0.0068457,1.8378e-05,0.00033954,0.0044708,0.044128,0.0079037,0.11583,0.25394,0.0071727,0.55935
0.0076195,2.0419e-05,0.00037156,0.0048189,0.046802,0.0079928,0.11908,0.25022,0.0071044,0.55598
0.0084493,2.2569e-05,0.00040479,0.0051753,0.049501,0.0080671,0.12216,0.24636,0.0070281,0.55283
0.0093363,2.4821e-05,0.00043912,0.0055391,0.052219,0.0081273,0.12509,0.24237,0.0069446,0.54991
0.010282,2.7172e-05,0.00047446,0.0059094,0.05495,0.0081737,0.12785,0.23827,0.0068547,0.54721
0.011288,2.9615e-05,0.0005107,0.0062851,0.057689,0.0082072,0.13045,0.23408,0.0067591,0.5447
0.012354,3.2144e-05,0.00054774,0.0066653,0.060429,0.0082281,0.13288,0.22982,0.0066584,0.54239
0.013483,3.4751e-05,0.00058548,0.007049,0.063166,0.0082373,0.13514,0.2255,0.0065532,0.54025
0.014674,3.7431e-05,0.00062379,0.0074352,0.065893,0.0082352,0.13724,0.22114,0.0064441,0.53829
0.015929,4.0174e-05,0.00066256,0.007823,0.068607,0.0082226,0.13917,0.21673,0.0063317,0.53648
0.017249,4.2973e-05,0.0007017,0.0082114,0.071302,0.0081999,0.14093,0.21231,0.0062164,0.53483
0.018634,4.5821e-05,0.00074107,0.0085995,0.073973,0.008168,0.14254,0.20787,0.0060988,0.53333
0.020084,4.871e-05,0.00078058,0.0089863,0.076617,0.0081273,0.14399,0.20344,0.0059792,0.53196
0.0216,5.1631e-05,0.00082011,0.0093711,0.079229,0.0080785,0.14527,0.199,0.0058582,0.53071
0.023182,5.4577e-05,0.00085956,0.0097531,0.081806,0.0080222,0.14641,0.19459,0.005736,0.52959
0.02483,5.754e-05,0.00089884,0.010131,0.084343,0.0079589,0.14739,0.19019,0.0056131,0.52858
0.026545,6.0512e-05,0.00093784,0.010505,0.086837,0.0078891,0.14823,0.18583,0.0054897,0.52768
0.028326,6.3486e-05,0.00097646,0.010874,0.089285,0.0078135,0.14893,0.1815,0.0053662,0.52687
0.030174,6.6454e-05,0.0010146,0.011236,0.091685,0.0077324,0.14948,0.17721,0.0052428,0.52616
0.032088,6.9409e-05,0.0010523,0.011593,0.094032,0.0076465,0.1499,0.17296,0.0051198,0.52553
0.034068,7.2345e-05,0.0010893,0.011942,0.096326,0.0075561,0.15019,0.16877,0.0049975,0.52499
0.036113,7.5254e-05,0.0011255,0.012283,0.098563,0.0074617,0.15036,0.16463,0.0048759,0.52452
0.038223,7.8132e-05,0.0011611,0.012616,0.10074,0.0073637,0.15041,0.16054,0.0047553,0.52411
0.040399,8.0971e-05,0.0011958,0.012941,0.10286,0.0072626,0.15033,0.15652,0.0046359,0.52377
0.042638,8.3767e-05,0.0012296,0.013257,0.10491,0.0071587,0.15015,0.15256,0.0045179,0.52349
0.044941,8.6514e-05,0.0012624,0.013563,0.10691,0.0070524,0.14986,0.14866,0.0044012,0.52326
0.047306,8.9207e-05,0.0012943,0.013859,0.10883,0.0069439,0.14947,0.14484,0.0042862,0.52309
0.049734,9.1843e-05,0.0013251,0.014145,0.11069,0.0068337,0.14897,0.14108,0.0041728,0.52295
0.052223,9.4416e-05,0.0013549,0.014421,0.11249,0.006722,0.14839,0.13739,0.0040612,0.52286
0.054772,9.6923e-05,0.0013835,0.014686,0.11421,0.0066091,0.14772,0.13377,0.0039514,0.5228
0.057381,9.9361e-05,0.001411,0.01494,0.11587,0.0064953,0.14696,0.13022,0.0038436,0.52278
0.060048,0.00010173,0.0014374,0.015183,0.11746,0.0063808,0.14613,0.12675,0.0037377,0.52278
0.062774,0.00010402,0.0014625,0.015415,0.11897,0.0062658,0.14521,0.12335,0.0036339,0.52281
0.065555,0.00010623,0.0014865,0.015636,0.12042,0.0061506,0.14423,0.12002,0.0035321,0.52286
0.068393,0.00010836,0.0015092,0.015845,0.1218,0.0060354,0.14318,0.11676,0.0034324,0.52293
0.071284,0.00011042,0.0015308,0.016044,0.12311,0.0059202,0.14207,0.11358,0.0033348,0.52301
0.07423,0.00011239,0.0015511,0.01623,0.12435,0.0058053,0.1409,0.11047,0.0032393,0.52311
0.077227,0.00011427,0.0015702,0.016406,0.12552,0.0056909,0.13968,0.10743,0.0031459,0.52322
0.080275,0.00011607,0.001588,0.01657,0.12662,0.0055771,0.1384,0.10447,0.0030547,0.52333
0.083374,0.00011779,0.0016047,0.016722,0.12765,0.005464,0.13708,0.10157,0.0029656,0.52345
0.086521,0.00011942,0.0016201,0.016864,0.12861,0.0053517,0.13572,0.098749,0.0028787,0.52357
0.089716,0.00012096,0.0016344,0.016994,0.12951,0.0052404,0.13431,0.095994,0.0027939,0.52369
0.092956,0.00012242,0.0016474,0.017114,0.13034,0.0051301,0.13287,0.093308,0.0027111,0.5238
0.096242,0.00012379,0.0016593,0.017222,0.1311,0.005021,0.13139,0.090689,0.0026305,0.52392
0.099572,0.00012508,0.0016701,0.01732,0.1318,0.004913,0.12989,0.088137,0.0025519,0.52402
0.10294,0.00012628,0.0016797,0.017408,0.13243,0.0048063,0.12835,0.08565,0.0024754,0.52412
0.10636,0.0001274,0.0016882,0.017485,0.13301,0.004701,0.12679,0.083228,0.0024009,0.52421
0.10981,0.00012844,0.0016956,0.017552,0.13351,0.0045971,0.12521,0.08087,0.0023283,0.52429
0.11331,0.00012939,0.001702,0.017609,0.13396,0.0044946,0.12361,0.078573,0.0022577,0.52435
0.11684,0.00013027,0.0017073,0.017656,0.13435,0.0043936,0.122,0.076338,0.0021891,0.5244
0.1204,0.00013106,0.0017116,0.017694,0.13468,0.0042941,0.12037,0.074163,0.0021223,0.52444
0.124,0.00013178,0.0017149,0.017723,0.13495,0.0041962,0.11872,0.072046,0.0020574,0.52445
0.12764,0.00013242,0.0017173,0.017742,0.13517,0.0040999,0.11707,0.069987,0.0019943,0.52445
0.13131,0.00013298,0.0017187,0.017753,0.13533,0.0040052,0.11541,0.067984,0.001933,0.52443
0.13501,0.00013347,0.0017192,0.017755,0.13543,0.0039121,0.11374,0.066036,0.0018735,0.52438
0.13874,0.00013389,0.0017189,0.017749,0.13549,0.0038206,0.11207,0.064142,0.0018156,0.52432
0.1425,0.00013424,0.0017177,0.017735,0.13549,0.0037308,0.1104,0.062301,0.0017595,0.52423
0.14629,0.00013452,0.0017156,0.017713,0.13544,0.0036426,0.10873,0.060511,0.0017049,0.52412
0.1501,0.00013473,0.0017128,0.017683,0.13534,0.0035561,0.10705,0.058771,0.001652,0.52399
0.15394,0.00013488,0.0017093,0.017646,0.1352,0.0034713,0.10539,0.05708,0.0016006,0.52383
0.15781,0.00013497,0.001705,0.017603,0.13501,0.0033881,0.10372,0.055436,0.0015508,0.52365
0.16169,0.000135,0.0017,0.017552,0.13478,0.0033065,0.10206,0.053839,0.0015024,0.52343
0.1656,0.00013496,0.0016943,0.017495,0.1345,0.0032266,0.10041,0.052288,0.0014555,0.5232
0.16954,0.00013487,0.001688,0.017431,0.13418,0.0031483,0.098759,0.05078,0.00141,0.52293
0.17349,0.00013473,0.0016811,0.017362,0.13382,0.0030716,0.097122,0.049316,0.0013659,0.52264
0.17746,0.00013453,0.0016735,0.017287,0.13342,0.0029966,0.095495,0.047894,0.0013231,0.52232
0.18145,0.00013428,0.0016655,0.017206,0.13298,0.0029231,0.093878,0.046513,0.0012816,0.52197
0.18545,0.00013398,0.0016568,0.01712,0.13251,0.0028512,0.092273,0.045171,0.0012414,0.52159
0.18947,0.00013363,0.0016477,0.017029,0.132,0.0027808,0.09068,0.043868,0.0012024,0.52118
0.19351,0.00013324,0.0016381,0.016933,0.13146,0.002712,0.089101,0.042603,0.0011647,0.52075
0.19756,0.0001328,0.0016281,0.016832,0.13088,0.0026447,0.087536,0.041374,0.0011281,0.52028
0.20163,0.00013232,0.0016176,0.016728,0.13028,0.0025789,0.085985,0.040182,0.0010926,0.51978
0.2057,0.0001318,0.0016067,0.016619,0.12964,0.0025146,0.08445,0.039023,0.0010582,0.51926
0.20979,0.00013124,0.0015954,0.016506,0.12897,0.0024517,0.08293,0.037899,0.0010249,0.5187
0.21389,0.00013064,0.0015837,0.016389,0.12828,0.0023903,0.081427,0.036807,0.00099265,0.51811
0.218,0.00013001,0.0015717,0.016269,0.12756,0.0023303,0.07994,0.035747,0.0009614,0.5175
0.22211,0.00012935,0.0015594,0.016146,0.12681,0.0022717,0.078471,0.034718,0.00093112,0.51685
0.22624,0.00012865,0.0015468,0.016019,0.12604,0.0022144,0.077019,0.03372,0.0009018,0.51618
0.23037,0.00012792,0.0015339,0.01589,0.12525,0.0021585,0.075584,0.03275,0.0008734,0.51547
0.2345,0.00012716,0.0015208,0.015758,0.12443,0.0021039,0.074168,0.031809,0.00084589,0.51473
0.23865,0.00012638,0.0015074,0.015624,0.1236,0.0020506,0.072771,0.030895,0.00081926,0.51396
0.2428,0.00012556,0.0014938,0.015487,0.12274,0.0019985,0.071391,0.030008,0.00079346,0.51317
0.24695,0.00012473,0.00148,0.015348,0.12186,0.0019478,0.070031,0.029148,0.00076848,0.51234
0.2511,0.00012387,0.001466,0.015207,0.12097,0.0018982,0.06869,0.028312,0.00074429,0.51149
0.25526,0.00012299,0.0014518,0.015064,0.12006,0.0018498,0.067367,0.027501,0.00072087,0.5106
0.25942,0.00012208,0.0014375,0.014919,0.11914,0.0018026,0.066064,0.026714,0.00069819,0.50969
0.26358,0.00012116,0.0014231,0.014773,0.1182,0.0017566,0.06478,0.02595,0.00067623,0.50874
0.26774,0.00012022,0.0014085,0.014626,0.11724,0.0017117,0.063515,0.025208,0.00065497,0.50777
0.2719,0.00011926,0.0013938,0.014477,0.11628,0.0016678,0.06227,0.024489,0.00063439,0.50677
0.27606,0.00011829,0.001379,0.014327,0.1153,0.0016251,0.061044,0.02379,0.00061446,0.50574
0.28022,0.0001173,0.0013642,0.014177,0.11431,0.0015834,0.059837,0.023112,0.00059517,0.50468
0.28438,0.0001163,0.0013493,0.014025,0.11331,0.0015428,0.058649,0.022454,0.00057649,0.5036
0.28854,0.00011529,0.0013343,0.013873,0.1123,0.0015032,0.057481,0.021815,0.00055841,0.50248
0.29269,0.00011426,0.0013193,0.01372,0.11128,0.0014645,0.056332,0.021195,0.0005409,0.50135
0.29684,0.00011322,0.0013042,0.013567,0.11025,0.0014268,0.055202,0.020593,0.00052396,0.50018
0.30098,0.00011218,0.0012891,0.013413,0.10922,0.0013901,0.05409,0.020008,0.00050755,0.49899
0.30512,0.00011112,0.0012741,0.013259,0.10818,0.0013543,0.052998,0.019441,0.00049167,0.49777
0.30926,0.00011006,0.001259,0.013105,0.10714,0.0013194,0.051925,0.018891,0.00047629,0.49652
0.31339,0.00010899,0.0012439,0.01295,0.10608,0.0012854,0.05087,0.018357,0.00046141,0.49525
0.31751,0.00010791,0.0012288,0.012796,0.10503,0.0012522,0.049833,0.017838,0.000447,0.49396
0.32163,0.00010683,0.0012138,0.012642,0.10397,0.0012199,0.048815,0.017334,0.00043305,0.49264
0.32574,0.00010575,0.0011987,0.012488,0.10291,0.0011884,0.047815,0.016846,0.00041955,0.49129
0.32984,0.00010466,0.0011838,0.012334,0.10184,0.0011578,0.046833,0.016371,0.00040648,0.48992
0.33394,0.00010356,0.0011688,0.012181,0.10078,0.0011279,0.045869,0.015911,0.00039382,0.48853
0.33803,0.00010247,0.0011539,0.012028,0.099709,0.0010987,0.044922,0.015464,0.00038157,0.48712
0.3421,0.00010137,0.0011391,0.011876,0.09864,0.0010703,0.043993,0.01503,0.00036971,0.48568
0.34617,0.00010027,0.0011244,0.011724,0.097571,0.0010427,0.043081,0.014608,0.00035823,0.48422
0.35024,9.9174e-05,0.0011097,0.011573,0.096501,0.0010157,0.042186,0.014199,0.00034711,0.48273
0.35429,9.8075e-05,0.0010951,0.011422,0.095433,0.00098947,0.041308,0.013802,0.00033635,0.48123
0.35833,9.6976e-05,0.0010805,0.011272,0.094366,0.0009639,0.040447,0.013416,0.00032593,0.4797
0.36236,9.5878e-05,0.0010661,0.011123,0.0933,0.00093898,0.039601,0.013042,0.00031584,0.47816
0.36638,9.4782e-05,0.0010517,0.010975,0.092236,0.0009147,0.038773,0.012679,0.00030608,0.47659
0.37039,9.3688e-05,0.0010375,0.010828,0.091175,0.00089106,0.03796,0.012326,0.00029662,0.475
0.37439,9.2596e-05,0.0010233,0.010681,0.090116,0.00086803,0.037162,0.011983,0.00028747,0.4734
0.37838,9.1507e-05,0.0010093,0.010536,0.089061,0.00084559,0.036381,0.01165,0.00027861,0.47177
0.38235,9.0421e-05,0.00099531,0.010392,0.088009,0.00082374,0.035614,0.011327,0.00027002,0.47013
0.38632,8.9339e-05,0.00098147,0.010248,0.086961,0.00080245,0.034863,0.011013,0.00026172,0.46846
0.39027,8.8261e-05,0.00096774,0.010106,0.085917,0.00078172,0.034127,0.010709,0.00025367,0.46678
0.39421,8.7187e-05,0.00095413,0.0099648,0.084878,0.00076153,0.033405,0.010413,0.00024588,0.46508
0.39813,8.6118e-05,0.00094063,0.0098248,0.083843,0.00074186,0.032697,0.010125,0.00023834,0.46337
0.40205,8.5054e-05,0.00092725,0.009686,0.082814,0.00072271,0.032004,0.0098462,0.00023103,0.46164
0.40595,8.3996e-05,0.00091399,0.0095483,0.08179,0.00070405,0.031325,0.0095752,0.00022396,0.45989
0.40983,8.2943e-05,0.00090086,0.0094119,0.080772,0.00068589,0.030659,0.0093119,0.00021711,0.45812
0.41371,8.1896e-05,0.00088785,0.0092767,0.079759,0.00066819,0.030007,0.0090563,0.00021048,0.45634
0.41757,8.0856e-05,0.00087497,0.0091428,0.078753,0.00065096,0.029368,0.0088079,0.00020405,0.45455
0.42141,7.9822e-05,0.00086222,0.0090101,0.077753,0.00063418,0.028742,0.0085667,0.00019783,0.45274
0.42525,7.8794e-05,0.0008496,0.0088788,0.07676,0.00061784,0.028129,0.0083325,0.00019181,0.45092
0.42906,7.7774e-05,0.00083711,0.0087488,0.075774,0.00060192,0.027529,0.0081049,0.00018597,0.44908
0.43287,7.676e-05,0.00082475,0.0086201,0.074794,0.00058643,0.026941,0.0078838,0.00018032,0.44723
0.43665,7.5754e-05,0.00081252,0.0084927,0.073822,0.00057133,0.026365,0.0076691,0.00017485,0.44536
0.44043,7.4755e-05,0.00080043,0.0083667,0.072857,0.00055663,0.025801,0.0074604,0.00016954,0.44349
0.44418,7.3764e-05,0.00078847,0.008242,0.071899,0.00054232,0.025248,0.0072578,0.00016441,0.4416
0.44793,7.2781e-05,0.00077665,0.0081188,0.070949,0.00052838,0.024708,0.0070608,0.00015944,0.4397
0.45166,7.1806e-05,0.00076496,0.0079969,0.070007,0.00051481,0.024178,0.0068695,0.00015462,0.43779
0.45537,7.0839e-05,0.00075341,0.0078763,0.069072,0.00050159,0.02366,0.0066837,0.00014995,0.43586
0.45907,6.988e-05,0.00074199,0.0077572,0.068146,0.00048872,0.023152,0.0065031,0.00014543,0.43393
0.46275,6.8929e-05,0.00073071,0.0076394,0.067227,0.00047619,0.022655,0.0063276,0.00014105,0.43199
0.46641,6.7987e-05,0.00071957,0.007523,0.066317,0.00046398,0.022169,0.0061571,0.00013681,0.43003
0.47006,6.7053e-05,0.00070856,0.0074081,0.065415,0.0004521,0.021693,0.0059914,0.0001327,0.42807
0.4737,6.6128e-05,0.00069768,0.0072945,0.064522,0.00044053,0.021227,0.0058304,0.00012871,0.4261
0.47731,6.5212e-05,0.00068695,0.0071823,0.063637,0.00042926,0.020771,0.0056739,0.00012486,0.42412
0.48092,6.4304e-05,0.00067634,0.0070715,0.06276,0.00041828,0.020324,0.0055219,0.00012112,0.42213
0.4845,6.3405e-05,0.00066587,0.006962,0.061892,0.00040759,0.019887,0.0053741,0.0001175,0.42013
0.48807,6.2515e-05,0.00065554,0.006854,0.061033,0.00039719,0.01946,0.0052305,0.00011399,0.41812
0.49162,6.1635e-05,0.00064534,0.0067473,0.060182,0.00038705,0.019041,0.0050909,0.00011059,0.41611
0.49516,6.0763e-05,0.00063527,0.006642,0.05934,0.00037718,0.018632,0.0049552,0.00010729,0.41409
0.49868,5.99e-05,0.00062534,0.0065381,0.058507,0.00036757,0.018231,0.0048233,0.0001041,0.41206
0.50218,5.9046e-05,0.00061553,0.0064356,0.057682,0.00035821,0.017839,0.0046952,0.000101,0.41003
0.50567,5.8201e-05,0.00060586,0.0063344,0.056866,0.0003491,0.017455,0.0045706,9.8003e-05,0.40799
0.50914,5.7365e-05,0.00059632,0.0062346,0.056059,0.00034022,0.01708,0.0044494,9.5097e-05,0.40595
0.51259,5.6539e-05,0.00058691,0.0061361,0.055261,0.00033158,0.016712,0.0043317,9.228e-05,0.4039
0.51603,5.5721e-05,0.00057763,0.0060389,0.054472,0.00032316,0.016353,0.0042172,8.955e-05,0.40184
0.51945,5.4913e-05,0.00056847,0.0059431,0.053692,0.00031497,0.016001,0.004106,8.6904e-05,0.39978
0.52285,5.4114e-05,0.00055944,0.0058486,0.05292,0.00030698,0.015657,0.0039978,8.434e-05,0.39772
0.52624,5.3324e-05,0.00055054,0.0057554,0.052158,0.00029921,0.015321,0.0038926,8.1854e-05,0.39565
0.5296,5.2543e-05,0.00054176,0.0056635,0.051404,0.00029164,0.014991,0.0037903,7.9444e-05,0.39358
0.53296,5.1771e-05,0.00053311,0.0055729,0.050659,0.00028427,0.014669,0.0036909,7.7109e-05,0.39151
0.53629,5.1008e-05,0.00052458,0.0054836,0.049923,0.00027709,0.014354,0.0035942,7.4844e-05,0.38943
0.53961,5.0254e-05,0.00051617,0.0053955,0.049195,0.00027009,0.014046,0.0035002,7.2649e-05,0.38735
0.54291,4.9509e-05,0.00050788,0.0053088,0.048476,0.00026328,0.013744,0.0034087,7.0521e-05,0.38526
0.54619,4.8774e-05,0.00049971,0.0052232,0.047766,0.00025665,0.013449,0.0033198,6.8458e-05,0.38318
0.54946,4.8047e-05,0.00049166,0.0051389,0.047065,0.00025019,0.01316,0.0032334,6.6458e-05,0.38109
0.5527,4.7329e-05,0.00048373,0.0050559,0.046372,0.0002439,0.012878,0.0031493,6.4519e-05,0.379
0.55594,4.662e-05,0.00047591,0.004974,0.045688,0.00023777,0.012602,0.0030675,6.2639e-05,0.37691
0.55915,4.592e-05,0.00046821,0.0048934,0.045013,0.0002318,0.012332,0.0029879,6.0816e-05,0.37482
0.56235,4.5229e-05,0.00046062,0.004814,0.044346,0.00022599,0.012068,0.0029106,5.9048e-05,0.37272
0.56553,4.4546e-05,0.00045315,0.0047357,0.043687,0.00022033,0.011809,0.0028353,5.7334e-05,0.37063
0.56869,4.3872e-05,0.00044578,0.0046586,0.043037,0.00021481,0.011556,0.0027621,5.5671e-05,0.36854
0.57183,4.3207e-05,0.00043853,0.0045827,0.042396,0.00020944,0.011309,0.0026909,5.4059e-05,0.36644
0.57496,4.255e-05,0.00043139,0.0045079,0.041762,0.00020421,0.011067,0.0026217,5.2496e-05,0.36435
0.57807,4.1902e-05,0.00042435,0.0044342,0.041137,0.00019911,0.010831,0.0025543,5.098e-05,0.36225
0.58117,4.1263e-05,0.00041742,0.0043617,0.04052,0.00019415,0.010599,0.0024887,4.9509e-05,0.36016
0.58424,4.0632e-05,0.0004106,0.0042902,0.039912,0.00018932,0.010373,0.002425,4.8083e-05,0.35807
0.5873,4.0009e-05,0.00040388,0.0042199,0.039311,0.00018461,0.010152,0.0023629,4.67e-05,0.35598
0.59034,3.9394e-05,0.00039726,0.0041506,0.038719,0.00018002,0.0099353,0.0023026,4.5358e-05,0.35389
0.59337,3.8788e-05,0.00039075,0.0040824,0.038134,0.00017555,0.0097235,0.0022438,4.4057e-05,0.3518
0.59638,3.819e-05,0.00038433,0.0040153,0.037557,0.00017119,0.0095165,0.0021867,4.2794e-05,0.34971
0.59937,3.76e-05,0.00037802,0.0039492,0.036989,0.00016695,0.0093139,0.0021311,4.157e-05,0.34763
0.60234,3.7018e-05,0.0003718,0.0038841,0.036428,0.00016282,0.0091158,0.002077,4.0382e-05,0.34554
0.6053,3.6444e-05,0.00036568,0.0038201,0.035874,0.0001588,0.008922,0.0020243,3.9229e-05,0.34346
0.60824,3.5878e-05,0.00035965,0.0037571,0.035329,0.00015487,0.0087325,0.0019731,3.8111e-05,0.34138
0.61116,3.532e-05,0.00035372,0.003695,0.03479,0.00015105,0.0085472,0.0019232,3.7026e-05,0.33931
0.61406,3.477e-05,0.00034789,0.0036339,0.03426,0.00014733,0.0083659,0.0018747,3.5974e-05,0.33724
0.61695,3.4227e-05,0.00034214,0.0035738,0.033737,0.0001437,0.0081886,0.0018275,3.4952e-05,0.33517
0.61982,3.3692e-05,0.00033649,0.0035147,0.033221,0.00014017,0.0080152,0.0017815,3.3961e-05,0.3331
0.62268,3.3164e-05,0.00033092,0.0034565,0.032712,0.00013673,0.0078456,0.0017367,3.3e-05,0.33104
0.62551,3.2644e-05,0.00032544,0.0033992,0.032211,0.00013337,0.0076798,0.0016932,3.2067e-05,0.32898
0.62833,3.2132e-05,0.00032005,0.0033429,0.031717,0.00013011,0.0075175,0.0016508,3.1161e-05,0.32692
0.63114,3.1626e-05,0.00031475,0.0032874,0.03123,0.00012692,0.0073588,0.0016095,3.0283e-05,0.32487
0.63392,3.1128e-05,0.00030953,0.0032328,0.03075,0.00012382,0.0072037,0.0015693,2.943e-05,0.32283
0.63669,3.0637e-05,0.0003044,0.0031792,0.030276,0.0001208,0.0070519,0.0015302,2.8603e-05,0.32078
0.63945,3.0153e-05,0.00029934,0.0031263,0.02981,0.00011785,0.0069034,0.0014922,2.7799e-05,0.31875
0.64218,2.9677e-05,0.00029437,0.0030744,0.02935,0.00011498,0.0067582,0.0014551,2.702e-05,0.31671
0.6449,2.9207e-05,0.00028948,0.0030232,0.028898,0.00011218,0.0066162,0.001419,2.6263e-05,0.31469
0.6476,2.8744e-05,0.00028467,0.002973,0.028451,0.00010946,0.0064773,0.0013839,2.5529e-05,0.31266
0.65029,2.8287e-05,0.00027993,0.0029235,0.028012,0.0001068,0.0063414,0.0013497,2.4816e-05,0.31064
0.65296,2.7838e-05,0.00027527,0.0028748,0.027578,0.00010421,0.0062085,0.0013163,2.4124e-05,0.30863
0.65561,2.7395e-05,0.00027069,0.002827,0.027151,0.00010169,0.0060785,0.0012839,2.3452e-05,0.30662
0.65825,2.6959e-05,0.00026618,0.0027799,0.026731,9.9227e-05,0.0059514,0.0012523,2.28e-05,0.30462
0.66087,2.6529e-05,0.00026175,0.0027336,0.026316,9.6831e-05,0.0058271,0.0012215,2.2167e-05,0.30262
0.66347,2.6106e-05,0.00025739,0.002688,0.025908,9.4495e-05,0.0057054,0.0011916,2.1552e-05,0.30063
0.66606,2.5688e-05,0.0002531,0.0026432,0.025506,9.2218e-05,0.0055865,0.0011624,2.0956e-05,0.29865
0.66863,2.5278e-05,0.00024888,0.0025992,0.02511,8.9999e-05,0.0054701,0.001134,2.0376e-05,0.29667
0.67119,2.4873e-05,0.00024473,0.0025558,0.02472,8.7836e-05,0.0053563,0.0011063,1.9814e-05,0.2947
0.67373,2.4474e-05,0.00024064,0.0025132,0.024336,8.5728e-05,0.0052449,0.0010794,1.9267e-05,0.29273
0.67625,2.4082e-05,0.00023663,0.0024713,0.023957,8.3673e-05,0.005136,0.0010531,1.8737e-05,0.29077
0.67875,2.3695e-05,0.00023268,0.0024301,0.023585,8.167e-05,0.0050295,0.0010275,1.8222e-05,0.28882
0.68124,2.3315e-05,0.0002288,0.0023895,0.023218,7.9717e-05,0.0049253,0.0010026,1.7722e-05,0.28687
0.68372,2.294e-05,0.00022498,0.0023497,0.022856,7.7814e-05,0.0048233,0.00097835,1.7236e-05,0.28493
0.68618,2.2571e-05,0.00022122,0.0023105,0.0225,7.5958e-05,0.0047236,0.0009547,1.6764e-05,0.283
0.68862,2.2207e-05,0.00021752,0.002272,0.022149,7.4149e-05,0.004626,0.00093167,1.6306e-05,0.28107
0.69105,2.1849e-05,0.00021389,0.0022341,0.021804,7.2386e-05,0.0045306,0.00090923,1.5861e-05,0.27915
0.69346,2.1497e-05,0.00021032,0.0021968,0.021464,7.0666e-05,0.0044373,0.00088737,1.5429e-05,0.27724
0.69585,2.115e-05,0.00020681,0.0021602,0.021129,6.899e-05,0.0043459,0.00086607,1.5009e-05,0.27533
0.69823,2.0808e-05,0.00020335,0.0021241,0.0208,6.7356e-05,0.0042566,0.00084531,1.4601e-05,0.27344
0.7006,2.0472e-05,0.00019995,0.0020887,0.020475,6.5762e-05,0.0041692,0.00082509,1.4205e-05,0.27155
0.70294,2.0141e-05,0.00019661,0.0020539,0.020156,6.4208e-05,0.0040837,0.00080538,1.382e-05,0.26966
0.70528,1.9815e-05,0.00019333,0.0020196,0.019841,6.2694e-05,0.0040001,0.00078618,1.3446e-05,0.26779
0.70759,1.9494e-05,0.0001901,0.001986,0.019531,6.1216e-05,0.0039182,0.00076747,1.3083e-05,0.26592
0.7099,1.9178e-05,0.00018692,0.0019529,0.019227,5.9776e-05,0.0038382,0.00074923,1.273e-05,0.26406
0.71218,1.8868e-05,0.0001838,0.0019203,0.018926,5.8372e-05,0.0037598,0.00073146,1.2388e-05,0.26221
0.71445,1.8562e-05,0.00018073,0.0018884,0.018631,5.7002e-05,0.0036832,0.00071413,1.2054e-05,0.26036
0.71671,1.826e-05,0.00017771,0.0018569,0.01834,5.5666e-05,0.0036082,0.00069725,1.1731e-05,0.25852
0.71895,1.7964e-05,0.00017474,0.001826,0.018054,5.4364e-05,0.0035348,0.0006808,1.1416e-05,0.2567
0.72118,1.7672e-05,0.00017182,0.0017956,0.017772,5.3094e-05,0.0034631,0.00066476,1.1111e-05,0.25488
0.72339,1.7385e-05,0.00016895,0.0017657,0.017494,5.1855e-05,0.0033928,0.00064912,1.0814e-05,0.25306
0.72558,1.7103e-05,0.00016613,0.0017363,0.017221,5.0647e-05,0.0033241,0.00063388,1.0525e-05,0.25126
0.72776,1.6825e-05,0.00016336,0.0017074,0.016952,4.9468e-05,0.0032569,0.00061903,1.0245e-05,0.24946
0.72993,1.6551e-05,0.00016063,0.001679,0.016688,4.8319e-05,0.0031911,0.00060454,9.9725e-06,0.24767
0.73208,1.6282e-05,0.00015795,0.0016511,0.016427,4.7198e-05,0.0031267,0.00059042,9.7077e-06,0.24589
0.73422,1.6017e-05,0.00015532,0.0016237,0.016171,4.6104e-05,0.0030637,0.00057666,9.4503e-06,0.24412
0.73634,1.5756e-05,0.00015273,0.0015967,0.015918,4.5038e-05,0.003002,0.00056324,9.2001e-06,0.24236
0.73845,1.5499e-05,0.00015018,0.0015702,0.01567,4.3997e-05,0.0029417,0.00055015,8.9569e-06,0.2406
0.74054,1.5247e-05,0.00014768,0.0015442,0.015426,4.2982e-05,0.0028827,0.00053739,8.7205e-06,0.23886
0.74262,1.4998e-05,0.00014522,0.0015185,0.015185,4.1992e-05,0.0028249,0.00052495,8.4907e-06,0.23712
0.74468,1.4754e-05,0.0001428,0.0014933,0.014948,4.1027e-05,0.0027683,0.00051282,8.2673e-06,0.23539
0.74673,1.4513e-05,0.00014042,0.0014686,0.014715,4.0084e-05,0.002713,0.00050099,8.0502e-06,0.23367
0.74877,1.4277e-05,0.00013808,0.0014443,0.014486,3.9165e-05,0.0026589,0.00048945,7.8391e-06,0.23195
0.75079,1.4044e-05,0.00013578,0.0014203,0.01426,3.8268e-05,0.0026059,0.0004782,7.6338e-06,0.23025
0.7528,1.3815e-05,0.00013352,0.0013968,0.014038,3.7393e-05,0.002554,0.00046723,7.4343e-06,0.22856
0.75479,1.3589e-05,0.0001313,0.0013737,0.01382,3.654e-05,0.0025032,0.00045653,7.2403e-06,0.22687
0.75677,1.3368e-05,0.00012911,0.001351,0.013605,3.5707e-05,0.0024536,0.00044609,7.0516e-06,0.22519
0.75873,1.3149e-05,0.00012697,0.0013287,0.013393,3.4894e-05,0.0024049,0.00043591,6.8682e-06,0.22352
0.76068,1.2935e-05,0.00012486,0.0013067,0.013185,3.4101e-05,0.0023573,0.00042598,6.6898e-06,0.22186
0.76262,1.2724e-05,0.00012278,0.0012851,0.01298,3.3327e-05,0.0023107,0.00041629,6.5164e-06,0.22021
0.76454,1.2516e-05,0.00012074,0.0012639,0.012778,3.2572e-05,0.0022651,0.00040684,6.3477e-06,0.21857
0.76645,1.2312e-05,0.00011874,0.0012431,0.012579,3.1835e-05,0.0022205,0.00039763,6.1836e-06,0.21694
0.76835,1.2111e-05,0.00011677,0.0012226,0.012384,3.1116e-05,0.0021768,0.00038863,6.0241e-06,0.21531
0.77023,1.1913e-05,0.00011483,0.0012025,0.012192,3.0414e-05,0.002134,0.00037986,5.8689e-06,0.21369
0.7721,1.1719e-05,0.00011293,0.0011827,0.012003,2.9729e-05,0.0020922,0.0003713,5.718e-06,0.21209
0.77396,1.1527e-05,0.00011106,0.0011632,0.011817,2.9061e-05,0.0020512,0.00036295,5.5712e-06,0.21049
0.7758,1.1339e-05,0.00010922,0.0011441,0.011634,2.8408e-05,0.002011,0.0003548,5.4284e-06,0.2089
0.77763,1.1154e-05,0.00010741,0.0011253,0.011453,2.7771e-05,0.0019718,0.00034685,5.2895e-06,0.20732
0.77945,1.0972e-05,0.00010563,0.0011068,0.011276,2.715e-05,0.0019333,0.00033909,5.1544e-06,0.20575
0.78125,1.0793e-05,0.00010389,0.0010886,0.011102,2.6543e-05,0.0018957,0.00033152,5.023e-06,0.20419
0.78304,1.0617e-05,0.00010217,0.0010708,0.01093,2.5951e-05,0.0018588,0.00032413,4.8951e-06,0.20263
0.78482,1.0444e-05,0.00010048,0.0010532,0.010761,2.5373e-05,0.0018227,0.00031692,4.7707e-06,0.20109
0.78658,1.0274e-05,9.8822e-05,0.001036,0.010595,2.4808e-05,0.0017874,0.00030989,4.6497e-06,0.19955
0.78833,1.0106e-05,9.7191e-05,0.001019,0.010431,2.4258e-05,0.0017528,0.00030302,4.5319e-06,0.19802
0.79007,9.9412e-06,9.5588e-05,0.0010023,0.01027,2.372e-05,0.0017189,0.00029632,4.4174e-06,0.19651
0.7918,9.7791e-06,9.4012e-05,0.00098596,0.010112,2.3195e-05,0.0016857,0.00028978,4.3059e-06,0.195
0.79351,9.6197e-06,9.2463e-05,0.00096986,0.0099562,2.2682e-05,0.0016533,0.00028339,4.1974e-06,0.1935
0.79521,9.4629e-06,9.0941e-05,0.00095403,0.0098029,2.2182e-05,0.0016215,0.00027716,4.0918e-06,0.19201
0.7969,9.3087e-06,8.9444e-05,0.00093847,0.009652,2.1693e-05,0.0015903,0.00027108,3.9891e-06,0.19052
0.79858,9.1571e-06,8.7973e-05,0.00092318,0.0095036,2.1216e-05,0.0015598,0.00026514,3.8891e-06,0.18905
0.80024,9.008e-06,8.6527e-05,0.00090815,0.0093576,2.075e-05,0.00153,0.00025934,3.7918e-06,0.18759
0.80189,8.8613e-06,8.5106e-05,0.00089338,0.0092139,2.0295e-05,0.0015007,0.00025368,3.6971e-06,0.18613
0.80353,8.717e-06,8.3709e-05,0.00087885,0.0090725,1.9851e-05,0.0014721,0.00024815,3.6049e-06,0.18468
0.80515,8.5752e-06,8.2336e-05,0.00086458,0.0089334,1.9417e-05,0.001444,0.00024275,3.5152e-06,0.18325
0.80677,8.4357e-06,8.0986e-05,0.00085054,0.0087965,1.8993e-05,0.0014165,0.00023749,3.4279e-06,0.18182
0.80837,8.2985e-06,7.9659e-05,0.00083675,0.0086618,1.858e-05,0.0013896,0.00023234,3.3429e-06,0.1804
0.80996,8.1636e-06,7.8355e-05,0.00082319,0.0085293,1.8176e-05,0.0013633,0.00022732,3.2601e-06,0.17899
0.81154,8.0309e-06,7.7073e-05,0.00080986,0.0083989,1.7781e-05,0.0013375,0.00022241,3.1796e-06,0.17758
0.81311,7.9004e-06,7.5813e-05,0.00079676,0.0082706,1.7396e-05,0.0013122,0.00021763,3.1011e-06,0.17619
0.81466,7.7721e-06,7.4574e-05,0.00078388,0.0081444,1.7019e-05,0.0012874,0.00021295,3.0248e-06,0.17481
0.81621,7.6459e-06,7.3357e-05,0.00077122,0.0080202,1.6652e-05,0.0012632,0.00020838,2.9504e-06,0.17343
0.81774,7.5219e-06,7.216e-05,0.00075878,0.007898,1.6292e-05,0.0012394,0.00020392,2.8781e-06,0.17206
0.81926,7.3998e-06,7.0984e-05,0.00074655,0.0077777,1.5942e-05,0.0012161,0.00019956,2.8076e-06,0.17071
0.82077,7.2799e-06,6.9827e-05,0.00073452,0.0076594,1.5599e-05,0.0011933,0.0001953,2.739e-06,0.16936
0.82226,7.1619e-06,6.8691e-05,0.0007227,0.007543,1.5264e-05,0.001171,0.00019115,2.6721e-06,0.16802
0.82375,7.0458e-06,6.7574e-05,0.00071108,0.0074284,1.4937e-05,0.0011491,0.00018709,2.6071e-06,0.16668
0.82522,6.9317e-06,6.6475e-05,0.00069966,0.0073157,1.4618e-05,0.0011277,0.00018312,2.5437e-06,0.16536
0.82669,6.8195e-06,6.5396e-05,0.00068843,0.0072048,1.4306e-05,0.0011067,0.00017925,2.482e-06,0.16405
0.82814,6.7092e-06,6.4334e-05,0.0006774,0.0070957,1.4001e-05,0.0010861,0.00017546,2.4219e-06,0.16274
0.82958,6.6007e-06,6.3291e-05,0.00066654,0.0069883,1.3703e-05,0.0010659,0.00017176,2.3633e-06,0.16144
0.83101,6.494e-06,6.2266e-05,0.00065588,0.0068826,1.3412e-05,0.0010462,0.00016815,2.3063e-06,0.16015
0.83243,6.3891e-06,6.1258e-05,0.00064539,0.0067787,1.3127e-05,0.0010268,0.00016462,2.2508e-06,0.15887
0.83384,6.2859e-06,6.0267e-05,0.00063508,0.0066764,1.2849e-05,0.0010079,0.00016117,2.1967e-06,0.1576
0.83523,6.1845e-06,5.9293e-05,0.00062495,0.0065757,1.2578e-05,0.00098929,0.0001578,2.144e-06,0.15634
0.83662,6.0847e-06,5.8335e-05,0.00061499,0.0064767,1.2312e-05,0.00097108,0.00015451,2.0926e-06,0.15508
0.838,5.9867e-06,5.7394e-05,0.00060519,0.0063792,1.2053e-05,0.00095324,0.00015129,2.0426e-06,0.15384
0.83936,5.8902e-06,5.6469e-05,0.00059556,0.0062833,1.1799e-05,0.00093576,0.00014814,1.9939e-06,0.1526
0.84072,5.7954e-06,5.5559e-05,0.0005861,0.0061889,1.1552e-05,0.00091862,0.00014507,1.9464e-06,0.15137
0.84206,5.7021e-06,5.4665e-05,0.00057679,0.0060961,1.131e-05,0.00090183,0.00014207,1.9002e-06,0.15015
0.8434,5.6104e-06,5.3786e-05,0.00056764,0.0060047,1.1073e-05,0.00088537,0.00013913,1.8551e-06,0.14893
0.84472,5.5202e-06,5.2922e-05,0.00055865,0.0059148,1.0842e-05,0.00086924,0.00013626,1.8112e-06,0.14773
0.84603,5.4315e-06,5.2072e-05,0.0005498,0.0058263,1.0616e-05,0.00085344,0.00013346,1.7684e-06,0.14653
0.84734,5.3443e-06,5.1237e-05,0.00054111,0.0057392,1.0395e-05,0.00083794,0.00013072,1.7267e-06,0.14535
0.84863,5.2586e-06,5.0416e-05,0.00053256,0.0056535,1.0179e-05,0.00082276,0.00012804,1.6861e-06,0.14417
0.84991,5.1743e-06,4.9609e-05,0.00052416,0.0055692,9.9679e-06,0.00080787,0.00012542,1.6465e-06,0.143
0.85118,5.0914e-06,4.8816e-05,0.00051589,0.0054863,9.7615e-06,0.00079328,0.00012286,1.6079e-06,0.14183
0.85245,5.0099e-06,4.8036e-05,0.00050777,0.0054046,9.5598e-06,0.00077898,0.00012036,1.5703e-06,0.14068
0.8537,4.9297e-06,4.7269e-05,0.00049978,0.0053243,9.3626e-06,0.00076497,0.00011791,1.5336e-06,0.13953
0.85494,4.8509e-06,4.6515e-05,0.00049193,0.0052452,9.1698e-06,0.00075122,0.00011552,1.4979e-06,0.13839
0.85618,4.7734e-06,4.5774e-05,0.00048421,0.0051674,8.9813e-06,0.00073775,0.00011318,1.463e-06,0.13726
0.8574,4.6972e-06,4.5046e-05,0.00047662,0.0050908,8.797e-06,0.00072455,0.0001109,1.4291e-06,0.13614
0.85861,4.6222e-06,4.4329e-05,0.00046915,0.0050155,8.6168e-06,0.0007116,0.00010866,1.396e-06,0.13502
0.85982,4.5485e-06,4.3625e-05,0.00046181,0.0049413,8.4406e-06,0.00069891,0.00010647,1.3637e-06,0.13392
0.86101,4.476e-06,4.2933e-05,0.00045459,0.0048683,8.2683e-06,0.00068646,0.00010434,1.3322e-06,0.13282
0.8622,4.4048e-06,4.2252e-05,0.0004475,0.0047965,8.0999e-06,0.00067426,0.00010225,1.3016e-06,0.13172
0.86337,4.3347e-06,4.1583e-05,0.00044052,0.0047258,7.9351e-06,0.0006623,0.0001002,1.2716e-06,0.13064
0.86454,4.2658e-06,4.0925e-05,0.00043366,0.0046562,7.774e-06,0.00065057,9.8201e-05,1.2425e-06,0.12957
0.8657,4.198e-06,4.0278e-05,0.00042691,0.0045878,7.6165e-06,0.00063907,9.6246e-05,1.214e-06,0.1285
0.86685,4.1314e-06,3.9642e-05,0.00042028,0.0045204,7.4624e-06,0.00062779,9.4333e-05,1.1863e-06,0.12744
0.86799,4.0659e-06,3.9016e-05,0.00041375,0.0044541,7.3117e-06,0.00061673,9.2462e-05,1.1593e-06,0.12639
0.86912,4.0015e-06,3.8401e-05,0.00040734,0.0043888,7.1643e-06,0.00060589,9.0633e-05,1.1329e-06,0.12534
0.87024,3.9381e-06,3.7797e-05,0.00040103,0.0043246,7.0202e-06,0.00059526,8.8843e-05,1.1072e-06,0.1243
0.87135,3.8758e-06,3.7202e-05,0.00039483,0.0042614,6.8792e-06,0.00058483,8.7092e-05,1.0821e-06,0.12327
0.87245,3.8145e-06,3.6618e-05,0.00038873,0.0041991,6.7412e-06,0.0005746,8.5379e-05,1.0576e-06,0.12225
0.87355,3.7543e-06,3.6043e-05,0.00038273,0.0041379,6.6063e-06,0.00056457,8.3703e-05,1.0338e-06,0.12124
0.87463,3.6951e-06,3.5478e-05,0.00037683,0.0040776,6.4744e-06,0.00055473,8.2064e-05,1.0105e-06,0.12023
0.87571,3.6368e-06,3.4923e-05,0.00037103,0.0040183,6.3453e-06,0.00054508,8.046e-05,9.8781e-07,0.11923
0.87678,3.5795e-06,3.4376e-05,0.00036532,0.0039599,6.219e-06,0.00053562,7.8891e-05,9.6566e-07,0.11824
0.87784,3.5232e-06,3.3839e-05,0.00035971,0.0039024,6.0954e-06,0.00052634,7.7356e-05,9.4405e-07,0.11725
0.87889,3.4678e-06,3.3311e-05,0.00035419,0.0038458,5.9746e-06,0.00051723,7.5853e-05,9.2298e-07,0.11628
0.87993,3.4133e-06,3.2792e-05,0.00034877,0.0037901,5.8563e-06,0.0005083,7.4383e-05,9.0241e-07,0.11531
0.88096,3.3597e-06,3.2281e-05,0.00034343,0.0037353,5.7406e-06,0.00049954,7.2945e-05,8.8235e-07,0.11434
0.88199,3.307e-06,3.1779e-05,0.00033818,0.0036814,5.6274e-06,0.00049095,7.1537e-05,8.6277e-07,0.11339
0.88301,3.2552e-06,3.1285e-05,0.00033302,0.0036283,5.5166e-06,0.00048252,7.016e-05,8.4367e-07,0.11244
0.88402,3.2042e-06,3.0799e-05,0.00032794,0.003576,5.4082e-06,0.00047425,6.8811e-05,8.2503e-07,0.1115
0.88502,3.1541e-06,3.0321e-05,0.00032295,0.0035245,5.3021e-06,0.00046614,6.7492e-05,8.0684e-07,0.11056
0.88601,3.1048e-06,2.9852e-05,0.00031803,0.0034739,5.1983e-06,0.00045818,6.62e-05,7.8909e-07,0.10964
0.88699,3.0564e-06,2.939e-05,0.0003132,0.003424,5.0968e-06,0.00045037,6.4936e-05,7.7177e-07,0.10872
0.88797,3.0087e-06,2.8936e-05,0.00030845,0.0033749,4.9973e-06,0.00044271,6.3699e-05,7.5486e-07,0.1078
0.88894,2.9618e-06,2.8489e-05,0.00030378,0.0033266,4.9001e-06,0.00043519,6.2488e-05,7.3836e-07,0.1069
0.8899,2.9157e-06,2.805e-05,0.00029918,0.003279,4.8048e-06,0.00042782,6.1302e-05,7.2226e-07,0.106
0.89085,2.8704e-06,2.7618e-05,0.00029466,0.0032322,4.7116e-06,0.00042058,6.0142e-05,7.0654e-07,0.1051
0.8918,2.8258e-06,2.7193e-05,0.00029021,0.0031861,4.6204e-06,0.00041348,5.9005e-05,6.9119e-07,0.10422
0.89274,2.7819e-06,2.6776e-05,0.00028584,0.0031407,4.5311e-06,0.00040651,5.7893e-05,6.7622e-07,0.10334
0.89367,2.7388e-06,2.6365e-05,0.00028153,0.003096,4.4437e-06,0.00039967,5.6804e-05,6.6159e-07,0.10247
0.89459,2.6964e-06,2.5961e-05,0.0002773,0.003052,4.3582e-06,0.00039296,5.5738e-05,6.4732e-07,0.1016
0.8955,2.6547e-06,2.5563e-05,0.00027313,0.0030087,4.2744e-06,0.00038637,5.4694e-05,6.3338e-07,0.10074
0.89641,2.6136e-06,2.5172e-05,0.00026904,0.0029661,4.1925e-06,0.00037991,5.3672e-05,6.1977e-07,0.099889
0.89731,2.5733e-06,2.4788e-05,0.00026501,0.0029241,4.1122e-06,0.00037357,5.2671e-05,6.0649e-07,0.099043
0.8982,2.5336e-06,2.441e-05,0.00026104,0.0028828,4.0336e-06,0.00036734,5.169e-05,5.9352e-07,0.098204
0.89909,2.4946e-06,2.4038e-05,0.00025714,0.0028421,3.9567e-06,0.00036123,5.073e-05,5.8085e-07,0.097371
0.89996,2.4562e-06,2.3672e-05,0.00025331,0.002802,3.8814e-06,0.00035523,4.979e-05,5.6848e-07,0.096545
0.90083,2.4184e-06,2.3312e-05,0.00024953,0.0027626,3.8076e-06,0.00034935,4.887e-05,5.564e-07,0.095725
0.9017,2.3813e-06,2.2959e-05,0.00024582,0.0027237,3.7354e-06,0.00034357,4.7968e-05,5.446e-07,0.094912
0.90255,2.3447e-06,2.2611e-05,0.00024217,0.0026855,3.6647e-06,0.0003379,4.7085e-05,5.3308e-07,0.094105
0.9034,2.3088e-06,2.2268e-05,0.00023857,0.0026478,3.5955e-06,0.00033233,4.622e-05,5.2183e-07,0.093304
0.90424,2.2735e-06,2.1931e-05,0.00023504,0.0026108,3.5277e-06,0.00032687,4.5373e-05,5.1084e-07,0.092509
0.90508,2.2387e-06,2.16e-05,0.00023156,0.0025742,3.4613e-06,0.0003215,4.4543e-05,5.001e-07,0.091721
0.90591,2.2045e-06,2.1274e-05,0.00022814,0.0025383,3.3963e-06,0.00031623,4.373e-05,4.8962e-07,0.090939
0.90673,2.1709e-06,2.0954e-05,0.00022477,0.0025029,3.3326e-06,0.00031106,4.2933e-05,4.7937e-07,0.090163
0.90754,2.1378e-06,2.0639e-05,0.00022145,0.002468,3.2703e-06,0.00030599,4.2153e-05,4.6937e-07,0.089393
0.90835,2.1053e-06,2.0329e-05,0.00021819,0.0024337,3.2092e-06,0.000301,4.1389e-05,4.5959e-07,0.088629
0.90915,2.0732e-06,2.0023e-05,0.00021499,0.0023999,3.1494e-06,0.00029611,4.064e-05,4.5004e-07,0.087872
0.90994,2.0418e-06,1.9723e-05,0.00021183,0.0023666,3.0908e-06,0.0002913,3.9906e-05,4.4071e-07,0.08712
0.91073,2.0108e-06,1.9428e-05,0.00020872,0.0023339,3.0334e-06,0.00028658,3.9187e-05,4.3159e-07,0.086374
0.91151,1.9803e-06,1.9138e-05,0.00020567,0.0023016,2.9771e-06,0.00028195,3.8483e-05,4.2268e-07,0.085635
0.91229,1.9503e-06,1.8852e-05,0.00020266,0.0022698,2.9221e-06,0.0002774,3.7792e-05,4.1398e-07,0.084901
0.91306,1.9209e-06,1.8571e-05,0.0001997,0.0022385,2.8681e-06,0.00027294,3.7116e-05,4.0547e-07,0.084172
0.91382,1.8919e-06,1.8294e-05,0.00019679,0.0022076,2.8153e-06,0.00026855,3.6453e-05,3.9716e-07,0.08345
0.91457,1.8633e-06,1.8022e-05,0.00019393,0.0021773,2.7635e-06,0.00026424,3.5804e-05,3.8904e-07,0.082734
0.91532,1.8353e-06,1.7755e-05,0.00019111,0.0021474,2.7128e-06,0.00026001,3.5167e-05,3.811e-07,0.082023
0.91606,1.8076e-06,1.7491e-05,0.00018833,0.0021179,2.6631e-06,0.00025585,3.4543e-05,3.7334e-07,0.081318
0.9168,1.7805e-06,1.7232e-05,0.0001856,0.0020889,2.6144e-06,0.00025177,3.3932e-05,3.6575e-07,0.080618
0.91753,1.7538e-06,1.6977e-05,0.00018291,0.0020603,2.5667e-06,0.00024777,3.3332e-05,3.5834e-07,0.079925
0.91825,1.7275e-06,1.6727e-05,0.00018027,0.0020322,2.5199e-06,0.00024383,3.2745e-05,3.511e-07,0.079236
0.91897,1.7016e-06,1.648e-05,0.00017767,0.0020045,2.4741e-06,0.00023996,3.2169e-05,3.4401e-07,0.078554
0.91968,1.6762e-06,1.6237e-05,0.00017511,0.0019772,2.4292e-06,0.00023617,3.1604e-05,3.3709e-07,0.077876
0.92039,1.6511e-06,1.5998e-05,0.00017259,0.0019503,2.3852e-06,0.00023243,3.1051e-05,3.3032e-07,0.077205
0.92109,1.6265e-06,1.5763e-05,0.00017011,0.0019238,2.3421e-06,0.00022877,3.0508e-05,3.237e-07,0.076538
0.92178,1.6023e-06,1.5532e-05,0.00016766,0.0018977,2.2999e-06,0.00022517,2.9977e-05,3.1723e-07,0.075878
0.92247,1.5784e-06,1.5304e-05,0.00016526,0.001872,2.2585e-06,0.00022163,2.9455e-05,3.109e-07,0.075222
